name   x   y
1    101 378
2    101 379
3    101 380
4    101 381
5    101 382
6    101 383
7    101 384
8    101 385
9    101 386
10   101 387
11   101 388
12   101 389
13   101 390
14   101 391
15   101 392
16   101 393
17   101 394
18   101 395
19   101 396
20   101 397
21   101 398
22   101 399
23   101 400
24   101 401
25   101 402
26   101 403
27   101 404
28   101 405
29   101 406
30   101 407
31   101 408
32   101 409
33   101 410
34   101 411
35   101 412
36   101 413
37   101 414
38   101 415
39   101 416
40   101 417
41   101 418
42   101 419
43   101 420
44   101 421
45   101 422
46   101 423
47   102 424
48   103 425
49   103 426
50   103 427
51   103 428
52   103 429
53   103 430
54   103 431
55   103 432
56   103 433
57   103 434
58   104 435
59   104 436
60   104 437
61   104 438
62   104 439
63   104 440
64   104 441
65   104 442
66   104 443
67   105 444
68   105 445
69   105 446
70   105 447
71   105 448
72   105 449
73   105 450
74   105 451
75   105 452
76   105 453
77   105 454
78   105 455
79   106 456
80   107 457
81   107 458
82   107 459
83   107 460
84   107 461
85   107 462
86   108 463
87   108 464
88   108 465
89   108 466
90   108 467
91   108 468
92   109 469
93   109 470
94   109 471
95   110 472
96   111 473
97   112 474
98   112 475
99   113 476
100  113 477
101  114 478
102  114 479
103  115 480
104  116 481
105  117 482
106  118 483
107  119 484
108  120 485
109  121 486
110  122 487
111  123 488
112  124 488
113  125 488
114  126 489
115  127 490
116  128 491
117  129 492
118  130 492
119  131 493
120  132 493
121  133 493
122  134 493
123  135 493
124  136 493
125  137 493
126  138 493
127  139 493
128  140 493
129  141 493
130  142 493
131  143 493
132  144 493
133  145 492
134  146 491
135  147 490
136  148 490
137  149 490
138  150 490
139  151 489
140  152 489
141  153 488
142  154 488
143  155 487
144  156 486
145  157 485
146  158 484
147  159 483
148  160 483
149  161 483
150  162 482
151  163 482
152  164 482
153  165 481
154  166 481
155  167 481
156  168 481
157  169 480
158  170 480
159  171 479
160  172 478
161  173 478
162  174 477
163  175 476
164  176 475
165  177 474
166  178 474
167  179 474
168  180 473
169  181 472
170  182 471
171  183 471
172  184 471
173  185 471
174  186 471
175  187 470
176  188 469
177  189 469
178  190 469
179  191 469
180  192 469
181  193 468
182  194 467
183  195 466
184  196 466
185  197 465
186  198 464
187  199 464
188  200 464
189  201 463
190  202 462
191  203 462
192  204 462
193  205 462
194  206 462
195  207 462
196  208 462
197  209 461
198  210 461
199  211 461
200  212 460
201  213 460
202  214 459
203  215 459
204  216 459
205  217 459
206  218 458
207  219 457
208  220 456
209  221 456
210  222 456
211  223 455
212  224 455
213  225 455
214  226 455
215  227 454
216  228 454
217  229 454
218  230 454
219  231 454
220  232 454
221  233 454
222  234 454
223  235 454
224  236 454
225  237 453
226  238 453
227  239 453
228  240 453
229  241 453
230  242 453
231  243 453
232  244 453
233  245 453
234  246 453
235  247 453
236  248 453
237  249 453
238  250 453
239  251 453
240  252 453
241  253 453
242  254 453
243  255 453
244  256 453
245  257 453
246  258 453
247  259 453
248  260 453
249  261 453
250  262 453
251  263 453
252  264 453
253  265 453
254  266 453
255  267 452
256  268 452
257  269 452
258  270 452
259  271 452
260  272 452
261  273 452
262  274 452
263  275 452
264  276 452
265  277 452
266  278 452
267  279 452
268  280 452
269  281 452
270  282 452
271  283 452
272  284 452
273  285 452
274  286 452
275  287 452
276  288 452
277  289 452
278  290 452
279  291 452
280  292 452
281  293 452
282  294 452
283  295 452
284  296 452
285  297 452
286  298 452
287  299 452
288  300 452
289  301 452
290  302 452
291  303 452
292  304 452
293  305 452
294  306 452
295  307 452
296  308 452
297  309 452
298  310 452
299  311 452
300  312 452
301  313 452
302  314 452
303  315 452
304  316 452
305  317 452
306  318 452
307  319 452
308  320 452
309  321 452
310  322 452
311  323 452
312  324 452
313  325 453
314  326 453
315  327 453
316  328 453
317  329 453
318  330 453
319  331 454
320  332 454
321  333 454
322  334 454
323  335 454
324  336 454
325  337 454
326  338 455
327  339 455
328  340 455
329  341 455
330  342 455
331  343 456
332  344 456
333  345 457
334  346 457
335  347 457
336  348 457
337  349 458
338  350 458
339  351 458
340  352 459
341  353 459
342  354 459
343  355 460
344  356 460
345  357 461
346  358 461
347  359 461
348  360 462
349  361 462
350  362 463
351  363 463
352  364 463
353  365 464
354  366 464
355  367 465
356  368 465
357  369 465
358  370 466
359  371 467
360  372 467
361  373 467
362  374 468
363  375 468
364  376 468
365  377 469
366  378 470
367  379 470
368  380 470
369  381 470
370  382 470
371  383 470
372  384 470
373  385 471
374  386 471
375  387 471
376  388 472
377  389 473
378  390 473
379  391 474
380  392 474
381  393 475
382  394 475
383  395 476
384  396 476
385  397 476
386  398 477
387  399 478
388  400 479
389  401 479
390  402 480
391  403 481
392  404 481
393  405 482
394  406 483
395  407 483
396  408 483
397  409 483
398  410 484
399  411 484
400  412 485
401  413 485
402  414 486
403  415 486
404  416 487
405  417 488
406  418 489
407  419 490
408  420 490
409  421 491
410  422 491
411  423 492
412  424 493
413  425 494
414  426 495
415  427 495
416  428 496
417  429 496
418  430 496
419  431 497
420  432 497
421  433 497
422  434 497
423  435 497
424  436 497
425  437 497
426  438 497
427  439 497
428  440 497
429  441 497
430  442 497
431  443 497
432  444 496
433  445 495
434  446 494
435  447 493
436  448 492
437  449 491
438  450 490
439  451 489
440  452 488
441  452 487
442  452 486
443  452 485
444  452 484
445  452 483
446  452 482
447  452 481
448  452 480
449  452 479
450  452 478
451  452 477
452  452 476
453  452 475
454  452 474
455  452 473
456  452 472
457  452 471
458  452 470
459  452 469
460  452 468
461  452 467
462  453 466
463  454 465
464  455 464
465  456 463
466  457 462
467  458 461
468  459 460
469  460 459
470  461 458
471  462 457
472  463 456
473  464 455
474  465 454
475  466 453
476  467 452
477  467 451
478  467 450
479  467 449
480  467 448
481  467 447
482  467 446
483  467 445
484  467 444
485  467 443
486  467 442
487  467 441
488  467 440
489  467 439
490  467 438
491  467 437
492  467 436
493  467 435
494  467 434
495  467 433
496  467 432
497  467 431
498  467 430
499  467 429
500  467 428
501  467 427
502  468 426
503  469 425
504  470 424
505  470 423
506  470 422
507  470 421
508  470 420
509  470 419
510  470 418
511  470 417
512  470 416
513  470 415
514  470 414
515  470 413
516  470 412
517  470 411
518  470 410
519  470 409
520  471 408
521  472 407
522  473 406
523  474 405
524  474 404
525  474 403
526  475 402
527  475 401
528  475 400
529  475 399
530  475 398
531  476 397
532  476 396
533  476 395
534  476 394
535  476 393
536  476 392
537  476 391
538  476 390
539  476 389
540  476 388
541  476 387
542  476 386
543  476 385
544  476 384
545  476 383
546  476 382
547  476 381
548  476 380
549  476 379
550  476 378
551  476 377
552  476 376
553  476 375
554  476 374
555  476 373
556  476 372
557  477 371
558  478 370
559  478 369
560  479 368
561  479 367
562  480 366
563  480 365
564  480 364
565  480 363
566  480 362
567  480 361
568  480 360
569  480 359
570  480 358
571  480 357
572  480 356
573  480 355
574  480 354
575  480 353
576  480 352
577  480 351
578  480 350
579  480 349
580  480 348
581  480 347
582  480 346
583  480 345
584  480 344
585  480 343
586  481 342
587  482 341
588  483 340
589  484 339
590  485 338
591  486 337
592  487 336
593  488 335
594  489 334
595  490 334
596  491 334
597  492 333
598  493 332
599  494 331
600  495 330
601  496 329
602  497 328
603  498 327
604  499 326
605  499 325
606  499 324
607  500 323
608  500 322
609  500 321
610  500 320
611  500 319
612  500 318
613  500 317
614  500 316
615  500 315
616  500 314
617  501 313
618  502 312
619  502 311
620  502 310
621  502 309
622  502 308
623  502 307
624  502 306
625  502 305
626  502 304
627  502 303
628  502 302
629  502 301
630  502 300
631  502 299
632  502 298
633  502 297
634  502 296
635  502 295
636  502 294
637  502 293
638  502 292
639  502 291
640  502 290
641  502 289
642  502 288
643  502 287
644  502 286
645  502 285
646  502 284
647  502 283
648  502 282
649  502 281
650  502 280
651  502 279
652  502 278
653  502 277
654  502 276
655  502 275
656  502 274
657  502 273
658  501 272
659  501 271
660  500 270
661  499 269
662  499 268
663  498 267
664  498 266
665  498 265
666  497 264
667  497 263
668  497 262
669  497 261
670  497 260
671  496 259
672  496 258
673  496 257
674  496 256
675  496 255
676  496 254
677  495 253
678  495 252
679  494 251
680  494 250
681  494 249
682  494 248
683  494 247
684  494 246
685  493 245
686  493 244
687  493 243
688  492 242
689  492 241
690  491 240
691  491 239
692  491 238
693  491 237
694  490 236
695  490 235
696  489 234
697  489 233
698  488 232
699  488 231
700  487 230
701  487 229
702  487 228
703  486 227
704  485 226
705  485 225
706  485 224
707  484 223
708  484 222
709  483 221
710  483 220
711  482 219
712  482 218
713  481 217
714  481 216
715  480 215
716  480 214
717  479 213
718  479 212
719  478 211
720  478 210
721  477 209
722  477 208
723  476 207
724  476 206
725  475 205
726  475 204
727  474 203
728  474 202
729  474 201
730  473 200
731  472 199
732  471 198
733  471 197
734  470 196
735  470 195
736  469 194
737  469 193
738  468 192
739  468 191
740  467 190
741  466 189
742  466 188
743  465 187
744  464 186
745  463 185
746  463 184
747  462 183
748  461 182
749  461 181
750  461 180
751  460 179
752  459 178
753  458 177
754  457 176
755  456 175
756  455 174
757  454 173
758  453 172
759  453 171
760  452 170
761  451 169
762  450 168
763  449 167
764  448 166
765  448 165
766  447 164
767  446 163
768  445 162
769  444 161
770  443 160
771  442 159
772  442 158
773  441 157
774  440 156
775  439 155
776  438 154
777  437 153
778  436 152
779  435 151
780  434 150
781  433 150
782  432 149
783  431 148
784  430 147
785  429 146
786  428 145
787  427 144
788  426 143
789  425 143
790  424 142
791  423 141
792  422 140
793  421 139
794  420 138
795  419 137
796  418 136
797  417 135
798  416 134
799  415 133
800  414 132
801  413 132
802  412 131
803  411 130
804  410 130
805  409 129
806  408 128
807  407 127
808  406 126
809  405 125
810  404 125
811  403 125
812  402 125
813  401 125
814  400 124
815  399 124
816  398 123
817  397 122
818  396 122
819  395 122
820  394 122
821  393 122
822  392 122
823  391 121
824  390 121
825  389 121
826  388 120
827  387 120
828  386 119
829  385 119
830  384 119
831  383 118
832  382 117
833  381 117
834  380 116
835  379 116
836  378 115
837  377 115
838  376 115
839  375 114
840  374 113
841  373 113
842  372 113
843  371 112
844  370 112
845  369 112
846  368 111
847  367 111
848  366 111
849  365 111
850  364 111
851  363 110
852  362 110
853  361 109
854  360 109
855  359 109
856  358 109
857  357 109
858  356 108
859  355 108
860  354 108
861  353 108
862  352 108
863  351 107
864  350 107
865  349 107
866  348 107
867  347 107
868  346 107
869  345 107
870  344 107
871  343 106
872  342 106
873  341 106
874  340 106
875  339 106
876  338 106
877  337 106
878  336 106
879  335 106
880  334 106
881  333 106
882  332 105
883  331 105
884  330 105
885  329 105
886  328 105
887  327 105
888  326 105
889  325 105
890  324 105
891  323 105
892  322 105
893  321 105
894  320 105
895  319 105
896  318 105
897  317 105
898  316 105
899  315 106
900  314 106
901  313 106
902  312 106
903  311 106
904  310 106
905  309 106
906  308 106
907  307 106
908  306 106
909  305 106
910  304 106
911  303 106
912  302 106
913  301 107
914  300 107
915  299 107
916  298 107
917  297 107
918  296 107
919  295 107
920  294 108
921  293 108
922  292 108
923  291 108
924  290 108
925  289 109
926  288 109
927  287 109
928  286 109
929  285 109
930  284 109
931  283 110
932  282 110
933  281 110
934  280 111
935  279 111
936  278 111
937  277 111
938  276 111
939  275 111
940  274 111
941  273 111
942  272 111
943  271 112
944  270 112
945  269 112
946  268 113
947  267 113
948  266 114
949  265 114
950  264 115
951  263 115
952  262 115
953  261 116
954  260 116
955  259 116
956  258 117
957  257 117
958  256 117
959  255 117
960  254 117
961  253 118
962  252 119
963  251 119
964  250 120
965  249 120
966  248 120
967  247 121
968  246 121
969  245 121
970  244 121
971  243 122
972  242 123
973  241 124
974  240 125
975  239 125
976  238 126
977  237 127
978  236 128
979  235 128
980  234 129
981  233 130
982  232 130
983  231 131
984  230 131
985  229 132
986  228 132
987  227 133
988  226 134
989  225 135
990  224 135
991  223 136
992  222 137
993  221 138
994  220 138
995  219 138
996  218 139
997  217 140
998  216 140
999  215 140
1000 214 141
1001 213 142
1002 212 142
1003 211 143
1004 210 144
1005 209 145
1006 208 145
1007 207 146
1008 206 147
1009 205 148
1010 204 148
1011 203 149
1012 202 150
1013 201 150
1014 200 151
1015 199 152
1016 198 153
1017 197 154
1018 196 155
1019 195 156
1020 194 157
1021 193 157
1022 192 157
1023 191 158
1024 190 159
1025 189 160
1026 188 161
1027 187 162
1028 186 163
1029 185 164
1030 184 165
1031 184 166
1032 183 167
1033 182 168
1034 181 169
1035 180 170
1036 179 171
1037 178 172
1038 177 173
1039 176 174
1040 175 175
1041 175 176
1042 174 177
1043 174 178
1044 173 179
1045 172 180
1046 171 181
1047 170 182
1048 169 183
1049 168 184
1050 167 185
1051 167 186
1052 166 187
1053 165 188
1054 164 189
1055 163 190
1056 163 191
1057 163 192
1058 163 193
1059 162 194
1060 161 195
1061 160 196
1062 159 197
1063 158 198
1064 158 199
1065 157 200
1066 156 201
1067 155 202
1068 154 203
1069 154 204
1070 154 205
1071 153 206
1072 152 207
1073 151 208
1074 150 209
1075 149 210
1076 149 211
1077 148 212
1078 147 213
1079 146 214
1080 146 215
1081 145 216
1082 144 217
1083 143 218
1084 142 219
1085 142 220
1086 142 221
1087 142 222
1088 141 223
1089 140 224
1090 139 225
1091 139 226
1092 139 227
1093 139 228
1094 138 229
1095 137 230
1096 136 231
1097 135 232
1098 135 233
1099 135 234
1100 135 235
1101 134 236
1102 133 237
1103 133 238
1104 132 239
1105 132 240
1106 131 241
1107 131 242
1108 130 243
1109 130 244
1110 130 245
1111 129 246
1112 128 247
1113 127 248
1114 127 249
1115 127 250
1116 126 251
1117 126 252
1118 126 253
1119 126 254
1120 126 255
1121 126 256
1122 125 257
1123 124 258
1124 124 259
1125 123 260
1126 123 261
1127 123 262
1128 123 263
1129 122 264
1130 121 265
1131 121 266
1132 120 267
1133 120 268
1134 120 269
1135 120 270
1136 120 271
1137 120 272
1138 119 273
1139 119 274
1140 119 275
1141 119 276
1142 119 277
1143 118 278
1144 117 279
1145 116 280
1146 115 281
1147 115 282
1148 114 283
1149 114 284
1150 114 285
1151 113 286
1152 113 287
1153 113 288
1154 113 289
1155 113 290
1156 113 291
1157 112 292
1158 112 293
1159 112 294
1160 111 295
1161 111 296
1162 110 297
1163 110 298
1164 110 299
1165 110 300
1166 110 301
1167 110 302
1168 109 303
1169 109 304
1170 109 305
1171 109 306
1172 109 307
1173 109 308
1174 109 309
1175 108 310
1176 108 311
1177 108 312
1178 108 313
1179 108 314
1180 108 315
1181 108 316
1182 108 317
1183 108 318
1184 108 319
1185 108 320
1186 107 321
1187 107 322
1188 107 323
1189 107 324
1190 107 325
1191 107 326
1192 107 327
1193 107 328
1194 107 329
1195 107 330
1196 107 331
1197 107 332
1198 107 333
1199 107 334
1200 107 335
1201 107 336
1202 106 337
1203 106 338
1204 106 339
1205 106 340
1206 106 341
1207 106 342
1208 106 343
1209 106 344
1210 105 345
1211 105 346
1212 105 347
1213 105 348
1214 105 349
1215 105 350
1216 105 351
1217 105 352
1218 105 353
1219 104 354
1220 104 355
1221 104 356
1222 104 357
1223 104 358
1224 104 359
1225 104 360
1226 103 361
1227 103 362
1228 103 363
1229 103 364
1230 103 365
1231 103 366
1232 103 367
1233 103 368
1234 103 369
1235 103 370
1236 103 371
1237 103 372
1238 103 373
1239 103 374
1240 103 375
1241 102 376
1242 102 377
