name   x   y
1    98 443
2    98 444
3    98 445
4    98 446
5    98 447
6    98 448
7    98 449
8    98 450
9    98 451
10   98 452
11   98 453
12   98 454
13   98 455
14   98 456
15   98 457
16   98 458
17   99 459
18   100 460
19   101 461
20   102 462
21   103 463
22   104 464
23   105 465
24   106 466
25   107 466
26   108 466
27   109 467
28   110 468
29   111 469
30   112 470
31   113 471
32   114 471
33   115 472
34   116 473
35   117 474
36   118 475
37   119 476
38   120 477
39   121 478
40   122 479
41   123 479
42   124 480
43   125 481
44   126 482
45   127 483
46   128 484
47   129 485
48   130 486
49   131 486
50   132 486
51   133 486
52   134 486
53   135 486
54   136 486
55   137 486
56   138 486
57   139 486
58   140 486
59   141 486
60   142 486
61   143 486
62   144 486
63   145 486
64   146 485
65   147 484
66   148 483
67   149 482
68   150 481
69   151 480
70   152 479
71   153 478
72   154 478
73   155 478
74   156 477
75   157 476
76   158 476
77   159 476
78   160 475
79   161 475
80   162 474
81   163 474
82   164 474
83   165 474
84   166 474
85   167 474
86   168 473
87   169 473
88   170 473
89   171 472
90   172 472
91   173 471
92   174 470
93   175 470
94   176 469
95   177 469
96   178 469
97   179 468
98   180 468
99   181 467
100  182 467
101  183 466
102  184 465
103  185 465
104  186 465
105  187 465
106  188 465
107  189 465
108  190 465
109  191 464
110  192 463
111  193 463
112  194 463
113  195 462
114  196 462
115  197 461
116  198 461
117  199 461
118  200 461
119  201 461
120  202 461
121  203 461
122  204 461
123  205 460
124  206 460
125  207 460
126  208 460
127  209 460
128  210 459
129  211 459
130  212 459
131  213 459
132  214 459
133  215 459
134  216 459
135  217 459
136  218 459
137  219 459
138  220 458
139  221 458
140  222 458
141  223 458
142  224 458
143  225 458
144  226 458
145  227 458
146  228 458
147  229 458
148  230 458
149  231 458
150  232 458
151  233 458
152  234 458
153  235 458
154  236 458
155  237 458
156  238 458
157  239 458
158  240 458
159  241 458
160  242 457
161  243 457
162  244 457
163  245 456
164  246 455
165  247 455
166  248 455
167  249 455
168  250 455
169  251 455
170  252 455
171  253 455
172  254 455
173  255 455
174  256 455
175  257 455
176  258 455
177  259 456
178  260 456
179  261 456
180  262 456
181  263 456
182  264 457
183  265 457
184  266 457
185  267 457
186  268 457
187  269 457
188  270 457
189  271 457
190  272 457
191  273 457
192  274 457
193  275 457
194  276 457
195  277 458
196  278 458
197  279 458
198  280 458
199  281 459
200  282 459
201  283 459
202  284 459
203  285 459
204  286 459
205  287 460
206  288 460
207  289 460
208  290 460
209  291 460
210  292 460
211  293 461
212  294 461
213  295 461
214  296 461
215  297 461
216  298 462
217  299 463
218  300 463
219  301 464
220  302 464
221  303 464
222  304 464
223  305 464
224  306 464
225  307 465
226  308 465
227  309 466
228  310 466
229  311 466
230  312 466
231  313 467
232  314 468
233  315 468
234  316 468
235  317 468
236  318 468
237  319 469
238  320 469
239  321 470
240  322 470
241  323 470
242  324 470
243  325 470
244  326 470
245  327 471
246  328 471
247  329 472
248  330 472
249  331 473
250  332 473
251  333 474
252  334 474
253  335 475
254  336 475
255  337 476
256  338 476
257  339 477
258  340 477
259  341 478
260  342 478
261  343 478
262  344 479
263  345 480
264  346 480
265  347 480
266  348 481
267  349 481
268  350 482
269  351 482
270  352 483
271  353 483
272  354 483
273  355 484
274  356 485
275  357 486
276  358 486
277  359 487
278  360 487
279  361 488
280  362 488
281  363 489
282  364 489
283  365 490
284  366 491
285  367 492
286  368 492
287  369 493
288  370 493
289  371 494
290  372 495
291  373 496
292  374 497
293  375 497
294  376 498
295  377 499
296  378 500
297  379 501
298  380 502
299  381 503
300  382 504
301  383 505
302  384 506
303  385 507
304  386 507
305  387 508
306  388 509
307  389 510
308  390 511
309  391 512
310  392 513
311  393 514
312  394 515
313  395 516
314  396 517
315  397 518
316  398 519
317  399 520
318  400 520
319  401 520
320  402 520
321  403 520
322  404 520
323  405 520
324  406 520
325  407 520
326  408 520
327  409 520
328  410 520
329  411 520
330  412 520
331  413 520
332  414 520
333  415 520
334  416 520
335  417 520
336  418 520
337  419 520
338  420 520
339  421 520
340  422 520
341  423 520
342  424 520
343  425 520
344  426 520
345  427 520
346  428 520
347  429 519
348  430 518
349  431 517
350  432 516
351  433 515
352  434 514
353  435 513
354  436 512
355  437 511
356  438 510
357  439 510
358  440 510
359  441 510
360  442 510
361  443 509
362  444 508
363  445 507
364  446 506
365  447 505
366  448 504
367  449 503
368  450 502
369  450 501
370  450 500
371  451 499
372  452 498
373  453 497
374  454 496
375  455 495
376  456 494
377  457 493
378  458 492
379  459 491
380  460 490
381  460 489
382  460 488
383  460 487
384  460 486
385  461 485
386  462 484
387  463 483
388  464 482
389  465 481
390  466 480
391  467 479
392  468 478
393  469 477
394  470 476
395  471 475
396  472 474
397  473 473
398  473 472
399  473 471
400  473 470
401  473 469
402  473 468
403  473 467
404  474 466
405  475 465
406  476 464
407  477 463
408  477 462
409  477 461
410  477 460
411  478 459
412  478 458
413  479 457
414  479 456
415  479 455
416  479 454
417  480 453
418  481 452
419  481 451
420  482 450
421  482 449
422  482 448
423  482 447
424  483 446
425  483 445
426  483 444
427  483 443
428  484 442
429  485 441
430  486 440
431  487 439
432  488 438
433  488 437
434  488 436
435  488 435
436  488 434
437  489 433
438  489 432
439  490 431
440  490 430
441  490 429
442  491 428
443  492 427
444  493 426
445  493 425
446  493 424
447  494 423
448  494 422
449  494 421
450  494 420
451  494 419
452  494 418
453  494 417
454  494 416
455  495 415
456  495 414
457  495 413
458  495 412
459  495 411
460  495 410
461  495 409
462  495 408
463  495 407
464  495 406
465  495 405
466  495 404
467  495 403
468  495 402
469  495 401
470  495 400
471  495 399
472  496 398
473  497 397
474  497 396
475  497 395
476  497 394
477  497 393
478  497 392
479  498 391
480  499 390
481  499 389
482  500 388
483  500 387
484  500 386
485  500 385
486  500 384
487  500 383
488  501 382
489  502 381
490  502 380
491  503 379
492  503 378
493  503 377
494  503 376
495  503 375
496  503 374
497  503 373
498  503 372
499  503 371
500  503 370
501  503 369
502  503 368
503  503 367
504  503 366
505  503 365
506  503 364
507  503 363
508  503 362
509  503 361
510  503 360
511  503 359
512  503 358
513  503 357
514  503 356
515  503 355
516  503 354
517  503 353
518  502 352
519  502 351
520  502 350
521  502 349
522  502 348
523  502 347
524  502 346
525  502 345
526  502 344
527  502 343
528  502 342
529  502 341
530  502 340
531  502 339
532  502 338
533  502 337
534  502 336
535  502 335
536  502 334
537  502 333
538  502 332
539  502 331
540  502 330
541  503 329
542  504 328
543  504 327
544  504 326
545  504 325
546  504 324
547  504 323
548  504 322
549  504 321
550  504 320
551  504 319
552  504 318
553  504 317
554  504 316
555  504 315
556  504 314
557  504 313
558  503 312
559  503 311
560  503 310
561  503 309
562  503 308
563  503 307
564  503 306
565  503 305
566  503 304
567  503 303
568  502 302
569  501 301
570  501 300
571  501 299
572  501 298
573  501 297
574  501 296
575  501 295
576  501 294
577  501 293
578  501 292
579  501 291
580  501 290
581  501 289
582  501 288
583  501 287
584  501 286
585  501 285
586  501 284
587  501 283
588  501 282
589  501 281
590  501 280
591  501 279
592  501 278
593  501 277
594  501 276
595  500 275
596  500 274
597  500 273
598  499 272
599  499 271
600  499 270
601  498 269
602  498 268
603  498 267
604  498 266
605  498 265
606  498 264
607  498 263
608  498 262
609  498 261
610  498 260
611  498 259
612  497 258
613  497 257
614  497 256
615  497 255
616  497 254
617  496 253
618  496 252
619  496 251
620  496 250
621  495 249
622  495 248
623  495 247
624  495 246
625  494 245
626  494 244
627  493 243
628  493 242
629  493 241
630  493 240
631  492 239
632  492 238
633  492 237
634  491 236
635  491 235
636  490 234
637  490 233
638  490 232
639  490 231
640  489 230
641  489 229
642  488 228
643  488 227
644  488 226
645  488 225
646  487 224
647  487 223
648  486 222
649  486 221
650  485 220
651  485 219
652  485 218
653  484 217
654  484 216
655  484 215
656  483 214
657  483 213
658  482 212
659  482 211
660  482 210
661  481 209
662  481 208
663  481 207
664  480 206
665  479 205
666  479 204
667  478 203
668  478 202
669  477 201
670  477 200
671  477 199
672  476 198
673  475 197
674  475 196
675  474 195
676  474 194
677  473 193
678  473 192
679  472 191
680  471 190
681  471 189
682  471 188
683  470 187
684  469 186
685  469 185
686  468 184
687  467 183
688  467 182
689  466 181
690  466 180
691  465 179
692  465 178
693  464 177
694  464 176
695  463 175
696  463 174
697  462 173
698  462 172
699  462 171
700  461 170
701  460 169
702  460 168
703  459 167
704  458 166
705  458 165
706  457 164
707  456 163
708  455 162
709  455 161
710  454 160
711  453 159
712  453 158
713  452 157
714  452 156
715  452 155
716  451 154
717  451 153
718  451 152
719  450 151
720  450 150
721  449 149
722  449 148
723  448 147
724  447 146
725  447 145
726  446 144
727  445 143
728  444 142
729  443 141
730  442 140
731  441 139
732  440 138
733  439 137
734  438 136
735  437 135
736  436 134
737  435 133
738  434 133
739  433 133
740  432 132
741  431 131
742  430 130
743  429 130
744  428 129
745  427 128
746  426 127
747  425 127
748  424 126
749  423 125
750  422 124
751  421 123
752  420 122
753  419 121
754  418 121
755  417 120
756  416 119
757  415 119
758  414 118
759  413 117
760  412 116
761  411 116
762  410 115
763  409 114
764  408 114
765  407 113
766  406 112
767  405 111
768  404 111
769  403 111
770  402 110
771  401 109
772  400 109
773  399 108
774  398 107
775  397 106
776  396 105
777  395 105
778  394 104
779  393 103
780  392 102
781  391 102
782  390 102
783  389 101
784  388 101
785  387 100
786  386 100
787  385 99
788  384 99
789  383 98
790  382 97
791  381 97
792  380 96
793  379 95
794  378 94
795  377 94
796  376 93
797  375 92
798  374 92
799  373 92
800  372 92
801  371 91
802  370 91
803  369 91
804  368 91
805  367 90
806  366 89
807  365 89
808  364 89
809  363 89
810  362 89
811  361 89
812  360 89
813  359 88
814  358 88
815  357 87
816  356 87
817  355 86
818  354 85
819  353 85
820  352 85
821  351 85
822  350 84
823  349 84
824  348 84
825  347 84
826  346 84
827  345 83
828  344 83
829  343 83
830  342 83
831  341 83
832  340 83
833  339 83
834  338 83
835  337 83
836  336 83
837  335 83
838  334 83
839  333 83
840  332 84
841  331 84
842  330 84
843  329 84
844  328 84
845  327 84
846  326 84
847  325 84
848  324 84
849  323 84
850  322 84
851  321 84
852  320 84
853  319 84
854  318 84
855  317 84
856  316 84
857  315 84
858  314 84
859  313 84
860  312 84
861  311 84
862  310 85
863  309 85
864  308 85
865  307 85
866  306 85
867  305 86
868  304 86
869  303 86
870  302 86
871  301 86
872  300 86
873  299 86
874  298 86
875  297 87
876  296 87
877  295 87
878  294 87
879  293 87
880  292 88
881  291 88
882  290 88
883  289 88
884  288 88
885  287 89
886  286 89
887  285 89
888  284 90
889  283 90
890  282 90
891  281 90
892  280 91
893  279 92
894  278 92
895  277 92
896  276 92
897  275 93
898  274 93
899  273 94
900  272 94
901  271 94
902  270 94
903  269 94
904  268 95
905  267 96
906  266 97
907  265 97
908  264 98
909  263 99
910  262 100
911  261 100
912  260 100
913  259 100
914  258 100
915  257 101
916  256 101
917  255 102
918  254 103
919  253 103
920  252 104
921  251 105
922  250 106
923  249 106
924  248 106
925  247 107
926  246 107
927  245 107
928  244 107
929  243 108
930  242 109
931  241 110
932  240 110
933  239 111
934  238 111
935  237 112
936  236 112
937  235 113
938  234 114
939  233 114
940  232 115
941  231 116
942  230 116
943  229 117
944  228 117
945  227 117
946  226 118
947  225 119
948  224 120
949  223 120
950  222 121
951  221 122
952  220 122
953  219 123
954  218 124
955  217 124
956  216 125
957  215 126
958  214 127
959  213 127
960  212 127
961  211 128
962  210 129
963  209 130
964  208 130
965  207 131
966  206 132
967  205 133
968  204 134
969  203 135
970  202 136
971  201 137
972  200 137
973  199 138
974  198 139
975  197 140
976  196 141
977  195 141
978  194 142
979  193 143
980  192 144
981  191 145
982  190 146
983  189 147
984  188 148
985  187 149
986  186 150
987  185 151
988  184 152
989  183 153
990  182 154
991  181 155
992  180 156
993  179 157
994  179 158
995  178 159
996  177 160
997  176 161
998  175 162
999  174 163
1000 173 164
1001 173 165
1002 172 166
1003 171 167
1004 170 168
1005 169 169
1006 168 170
1007 168 171
1008 167 172
1009 167 173
1010 166 174
1011 165 175
1012 164 176
1013 163 177
1014 163 178
1015 162 179
1016 161 180
1017 160 181
1018 159 182
1019 159 183
1020 158 184
1021 158 185
1022 157 186
1023 156 187
1024 155 188
1025 155 189
1026 154 190
1027 154 191
1028 153 192
1029 152 193
1030 152 194
1031 151 195
1032 151 196
1033 150 197
1034 149 198
1035 149 199
1036 149 200
1037 148 201
1038 147 202
1039 147 203
1040 146 204
1041 146 205
1042 145 206
1043 145 207
1044 144 208
1045 144 209
1046 143 210
1047 143 211
1048 142 212
1049 142 213
1050 141 214
1051 141 215
1052 140 216
1053 139 217
1054 139 218
1055 139 219
1056 138 220
1057 138 221
1058 137 222
1059 137 223
1060 136 224
1061 136 225
1062 136 226
1063 135 227
1064 135 228
1065 134 229
1066 134 230
1067 134 231
1068 133 232
1069 133 233
1070 133 234
1071 133 235
1072 132 236
1073 132 237
1074 132 238
1075 131 239
1076 131 240
1077 130 241
1078 130 242
1079 130 243
1080 129 244
1081 129 245
1082 128 246
1083 128 247
1084 128 248
1085 128 249
1086 128 250
1087 127 251
1088 127 252
1089 127 253
1090 126 254
1091 125 255
1092 125 256
1093 125 257
1094 125 258
1095 124 259
1096 124 260
1097 124 261
1098 124 262
1099 124 263
1100 123 264
1101 123 265
1102 123 266
1103 122 267
1104 122 268
1105 122 269
1106 122 270
1107 121 271
1108 121 272
1109 121 273
1110 121 274
1111 121 275
1112 121 276
1113 120 277
1114 120 278
1115 119 279
1116 119 280
1117 119 281
1118 119 282
1119 119 283
1120 118 284
1121 118 285
1122 118 286
1123 118 287
1124 117 288
1125 117 289
1126 117 290
1127 117 291
1128 117 292
1129 117 293
1130 117 294
1131 116 295
1132 116 296
1133 116 297
1134 116 298
1135 115 299
1136 115 300
1137 115 301
1138 115 302
1139 115 303
1140 115 304
1141 114 305
1142 114 306
1143 114 307
1144 114 308
1145 113 309
1146 113 310
1147 113 311
1148 113 312
1149 113 313
1150 112 314
1151 112 315
1152 112 316
1153 112 317
1154 112 318
1155 112 319
1156 112 320
1157 111 321
1158 111 322
1159 111 323
1160 111 324
1161 111 325
1162 111 326
1163 111 327
1164 110 328
1165 110 329
1166 110 330
1167 110 331
1168 109 332
1169 109 333
1170 109 334
1171 109 335
1172 109 336
1173 109 337
1174 109 338
1175 109 339
1176 109 340
1177 109 341
1178 109 342
1179 109 343
1180 109 344
1181 109 345
1182 109 346
1183 109 347
1184 109 348
1185 109 349
1186 109 350
1187 109 351
1188 109 352
1189 109 353
1190 109 354
1191 109 355
1192 109 356
1193 109 357
1194 108 358
1195 108 359
1196 108 360
1197 108 361
1198 107 362
1199 107 363
1200 107 364
1201 107 365
1202 107 366
1203 107 367
1204 107 368
1205 107 369
1206 107 370
1207 107 371
1208 107 372
1209 106 373
1210 106 374
1211 106 375
1212 106 376
1213 106 377
1214 106 378
1215 106 379
1216 106 380
1217 106 381
1218 106 382
1219 106 383
1220 106 384
1221 105 385
1222 105 386
1223 105 387
1224 105 388
1225 105 389
1226 104 390
1227 104 391
1228 104 392
1229 103 393
1230 102 394
1231 102 395
1232 101 396
1233 101 397
1234 101 398
1235 101 399
1236 101 400
1237 100 401
1238 100 402
1239 100 403
1240 100 404
1241 100 405
1242 100 406
1243 100 407
1244 100 408
1245 100 409
1246 100 410
1247 100 411
1248 100 412
1249 100 413
1250 100 414
1251 100 415
1252 100 416
1253 100 417
1254 100 418
1255 100 419
1256 100 420
1257 100 421
1258 100 422
1259 100 423
1260 100 424
1261 100 425
1262 100 426
1263 100 427
1264 100 428
1265 100 429
1266 99 430
1267 99 431
1268 99 432
1269 99 433
1270 99 434
1271 99 435
1272 99 436
1273 99 437
1274 99 438
1275 99 439
1276 99 440
1277 99 441
1278 99 442
