name   x   y
1    104 308
2    104 309
3    104 310
4    104 311
5    104 312
6    104 313
7    104 314
8    104 315
9    104 316
10   104 317
11   104 318
12   104 319
13   104 320
14   104 321
15   104 322
16   104 323
17   104 324
18   104 325
19   104 326
20   104 327
21   104 328
22   104 329
23   104 330
24   104 331
25   104 332
26   104 333
27   104 334
28   104 335
29   105 336
30   105 337
31   105 338
32   105 339
33   105 340
34   105 341
35   105 342
36   105 343
37   105 344
38   105 345
39   105 346
40   105 347
41   105 348
42   105 349
43   106 350
44   106 351
45   106 352
46   106 353
47   106 354
48   106 355
49   106 356
50   106 357
51   106 358
52   106 359
53   106 360
54   106 361
55   106 362
56   106 363
57   106 364
58   106 365
59   106 366
60   106 367
61   106 368
62   107 369
63   107 370
64   107 371
65   107 372
66   107 373
67   107 374
68   107 375
69   108 376
70   108 377
71   108 378
72   108 379
73   108 380
74   108 381
75   109 382
76   109 383
77   109 384
78   109 385
79   109 386
80   109 387
81   109 388
82   109 389
83   110 390
84   110 391
85   110 392
86   110 393
87   111 394
88   111 395
89   111 396
90   111 397
91   111 398
92   111 399
93   111 400
94   111 401
95   111 402
96   111 403
97   112 404
98   112 405
99   112 406
100  113 407
101  113 408
102  113 409
103  113 410
104  113 411
105  114 412
106  114 413
107  114 414
108  114 415
109  115 416
110  115 417
111  116 418
112  116 419
113  116 420
114  117 421
115  117 422
116  117 423
117  117 424
118  118 425
119  118 426
120  118 427
121  119 428
122  119 429
123  120 430
124  120 431
125  120 432
126  120 433
127  120 434
128  120 435
129  120 436
130  121 437
131  121 438
132  121 439
133  122 440
134  122 441
135  122 442
136  122 443
137  123 444
138  123 445
139  123 446
140  123 447
141  123 448
142  124 449
143  124 450
144  124 451
145  124 452
146  124 453
147  124 454
148  124 455
149  124 456
150  124 457
151  125 458
152  125 459
153  125 460
154  126 461
155  126 462
156  127 463
157  127 464
158  128 465
159  129 466
160  130 467
161  131 468
162  131 469
163  132 470
164  132 471
165  132 472
166  132 473
167  133 474
168  133 475
169  134 476
170  134 477
171  134 478
172  135 479
173  135 480
174  135 481
175  136 482
176  137 483
177  138 484
178  138 485
179  139 486
180  139 487
181  140 488
182  141 489
183  142 490
184  143 491
185  144 492
186  144 493
187  145 494
188  146 495
189  147 496
190  148 497
191  149 498
192  150 499
193  151 500
194  152 501
195  153 502
196  154 503
197  155 504
198  156 504
199  157 504
200  158 505
201  159 505
202  160 506
203  161 507
204  162 508
205  163 509
206  164 510
207  165 511
208  166 512
209  167 513
210  168 513
211  169 514
212  170 514
213  171 515
214  172 516
215  173 517
216  174 517
217  175 517
218  176 517
219  177 517
220  178 517
221  179 517
222  180 517
223  181 517
224  182 517
225  183 517
226  184 517
227  185 517
228  186 517
229  187 516
230  188 516
231  189 515
232  190 515
233  191 514
234  192 514
235  193 513
236  194 513
237  195 513
238  196 512
239  197 512
240  198 512
241  199 511
242  200 511
243  201 511
244  202 510
245  203 510
246  204 509
247  205 509
248  206 509
249  207 508
250  208 508
251  209 508
252  210 507
253  211 506
254  212 505
255  213 504
256  214 503
257  215 502
258  216 501
259  217 500
260  218 499
261  219 498
262  220 497
263  221 496
264  222 495
265  223 494
266  224 493
267  225 493
268  226 493
269  227 492
270  228 492
271  229 492
272  230 492
273  231 492
274  232 492
275  233 491
276  234 490
277  235 489
278  236 488
279  237 487
280  238 487
281  239 487
282  240 487
283  241 487
284  242 487
285  243 487
286  244 487
287  245 487
288  246 487
289  247 487
290  248 487
291  249 487
292  250 487
293  251 486
294  252 486
295  253 486
296  254 486
297  255 486
298  256 486
299  257 486
300  258 486
301  259 486
302  260 486
303  261 486
304  262 486
305  263 486
306  264 486
307  265 486
308  266 486
309  267 486
310  268 486
311  269 486
312  270 486
313  271 486
314  272 486
315  273 486
316  274 486
317  275 486
318  276 486
319  277 486
320  278 487
321  279 487
322  280 487
323  281 487
324  282 487
325  283 487
326  284 487
327  285 487
328  286 487
329  287 487
330  288 487
331  289 487
332  290 487
333  291 487
334  292 487
335  293 487
336  294 487
337  295 487
338  296 486
339  297 486
340  298 486
341  299 486
342  300 486
343  301 486
344  302 486
345  303 486
346  304 486
347  305 486
348  306 486
349  307 486
350  308 486
351  309 486
352  310 486
353  311 486
354  312 486
355  313 486
356  314 486
357  315 486
358  316 486
359  317 486
360  318 486
361  319 486
362  320 486
363  321 486
364  322 486
365  323 486
366  324 486
367  325 486
368  326 486
369  327 486
370  328 486
371  329 486
372  330 486
373  331 486
374  332 487
375  333 487
376  334 487
377  335 487
378  336 487
379  337 488
380  338 488
381  339 488
382  340 488
383  341 488
384  342 488
385  343 488
386  344 488
387  345 488
388  346 488
389  347 488
390  348 488
391  349 488
392  350 488
393  351 488
394  352 488
395  353 488
396  354 488
397  355 489
398  356 490
399  357 491
400  358 491
401  359 491
402  360 491
403  361 491
404  362 491
405  363 491
406  364 491
407  365 492
408  366 492
409  367 492
410  368 492
411  369 492
412  370 492
413  371 492
414  372 493
415  373 494
416  374 494
417  375 494
418  376 494
419  377 494
420  378 494
421  379 494
422  380 494
423  381 494
424  382 495
425  383 496
426  384 497
427  385 497
428  386 497
429  387 497
430  388 497
431  389 498
432  390 498
433  391 499
434  392 499
435  393 500
436  394 500
437  395 501
438  396 502
439  397 503
440  398 503
441  399 504
442  400 505
443  401 505
444  402 505
445  403 506
446  404 507
447  405 508
448  406 509
449  407 510
450  408 510
451  409 510
452  410 510
453  411 511
454  412 511
455  413 512
456  414 513
457  415 513
458  416 514
459  417 515
460  418 516
461  419 517
462  420 517
463  421 518
464  422 519
465  423 519
466  424 520
467  425 521
468  426 522
469  427 523
470  428 524
471  429 525
472  430 526
473  431 527
474  432 527
475  433 527
476  434 527
477  435 527
478  436 527
479  437 527
480  438 527
481  439 527
482  440 527
483  441 527
484  442 527
485  443 527
486  444 526
487  445 526
488  446 525
489  447 524
490  448 523
491  449 522
492  450 521
493  451 520
494  452 519
495  453 518
496  453 517
497  454 516
498  455 515
499  456 514
500  457 513
501  458 512
502  459 511
503  460 510
504  461 509
505  461 508
506  462 507
507  463 506
508  464 505
509  465 504
510  465 503
511  466 502
512  466 501
513  466 500
514  467 499
515  467 498
516  467 497
517  468 496
518  468 495
519  469 494
520  470 493
521  471 492
522  471 491
523  471 490
524  471 489
525  471 488
526  472 487
527  472 486
528  473 485
529  473 484
530  473 483
531  473 482
532  473 481
533  474 480
534  474 479
535  475 478
536  475 477
537  475 476
538  475 475
539  475 474
540  475 473
541  475 472
542  475 471
543  475 470
544  475 469
545  475 468
546  475 467
547  475 466
548  475 465
549  475 464
550  475 463
551  475 462
552  475 461
553  475 460
554  475 459
555  475 458
556  475 457
557  475 456
558  475 455
559  475 454
560  476 453
561  477 452
562  478 451
563  479 450
564  480 449
565  481 448
566  482 447
567  483 446
568  484 445
569  484 444
570  484 443
571  484 442
572  485 441
573  485 440
574  485 439
575  485 438
576  485 437
577  485 436
578  485 435
579  486 434
580  486 433
581  486 432
582  486 431
583  487 430
584  487 429
585  487 428
586  487 427
587  488 426
588  488 425
589  488 424
590  488 423
591  488 422
592  488 421
593  489 420
594  489 419
595  490 418
596  490 417
597  490 416
598  490 415
599  491 414
600  491 413
601  491 412
602  491 411
603  491 410
604  491 409
605  491 408
606  492 407
607  492 406
608  492 405
609  492 404
610  492 403
611  492 402
612  493 401
613  493 400
614  493 399
615  493 398
616  493 397
617  493 396
618  493 395
619  493 394
620  493 393
621  493 392
622  493 391
623  493 390
624  493 389
625  494 388
626  495 387
627  496 386
628  497 385
629  498 384
630  499 383
631  499 382
632  499 381
633  499 380
634  499 379
635  499 378
636  499 377
637  499 376
638  499 375
639  499 374
640  499 373
641  499 372
642  499 371
643  499 370
644  499 369
645  499 368
646  498 367
647  497 366
648  497 365
649  497 364
650  496 363
651  496 362
652  496 361
653  495 360
654  494 359
655  493 358
656  492 357
657  491 356
658  490 355
659  490 354
660  490 353
661  489 352
662  488 351
663  487 350
664  486 349
665  485 348
666  484 347
667  483 346
668  482 345
669  481 344
670  480 343
671  479 342
672  478 341
673  478 340
674  478 339
675  478 338
676  478 337
677  478 336
678  478 335
679  478 334
680  478 333
681  478 332
682  478 331
683  478 330
684  478 329
685  478 328
686  478 327
687  478 326
688  478 325
689  478 324
690  478 323
691  478 322
692  478 321
693  478 320
694  478 319
695  478 318
696  478 317
697  478 316
698  478 315
699  478 314
700  478 313
701  478 312
702  478 311
703  478 310
704  478 309
705  478 308
706  478 307
707  478 306
708  478 305
709  478 304
710  477 303
711  477 302
712  476 301
713  475 300
714  474 299
715  473 298
716  472 297
717  471 296
718  470 295
719  469 294
720  469 293
721  469 292
722  469 291
723  469 290
724  469 289
725  469 288
726  469 287
727  469 286
728  469 285
729  469 284
730  469 283
731  469 282
732  469 281
733  469 280
734  469 279
735  469 278
736  469 277
737  469 276
738  469 275
739  469 274
740  469 273
741  469 272
742  468 271
743  468 270
744  467 269
745  467 268
746  466 267
747  466 266
748  466 265
749  465 264
750  465 263
751  465 262
752  465 261
753  465 260
754  465 259
755  464 258
756  463 257
757  462 256
758  462 255
759  462 254
760  462 253
761  462 252
762  461 251
763  461 250
764  461 249
765  460 248
766  459 247
767  459 246
768  459 245
769  458 244
770  458 243
771  457 242
772  456 241
773  455 240
774  454 239
775  453 238
776  452 237
777  451 236
778  450 235
779  450 234
780  450 233
781  450 232
782  450 231
783  449 230
784  449 229
785  448 228
786  448 227
787  448 226
788  448 225
789  448 224
790  448 223
791  448 222
792  448 221
793  448 220
794  447 219
795  446 218
796  446 217
797  445 216
798  444 215
799  443 214
800  442 213
801  441 212
802  440 211
803  439 210
804  438 209
805  438 208
806  437 207
807  437 206
808  436 205
809  436 204
810  435 203
811  434 202
812  433 201
813  432 200
814  431 199
815  430 198
816  429 197
817  428 196
818  427 195
819  426 195
820  425 194
821  424 193
822  423 192
823  422 191
824  421 190
825  420 189
826  419 188
827  418 187
828  417 186
829  417 185
830  417 184
831  417 183
832  417 182
833  417 181
834  417 180
835  417 179
836  417 178
837  417 177
838  417 176
839  417 175
840  417 174
841  417 173
842  416 172
843  415 171
844  415 170
845  415 169
846  414 168
847  413 167
848  412 166
849  412 165
850  412 164
851  412 163
852  412 162
853  412 161
854  412 160
855  412 159
856  412 158
857  412 157
858  412 156
859  412 155
860  412 154
861  412 153
862  412 152
863  412 151
864  412 150
865  411 149
866  410 148
867  410 147
868  409 146
869  408 145
870  407 144
871  406 143
872  406 142
873  405 141
874  405 140
875  404 139
876  403 138
877  402 137
878  401 136
879  400 135
880  399 134
881  398 133
882  397 132
883  396 131
884  395 130
885  394 129
886  394 128
887  394 127
888  394 126
889  393 125
890  392 124
891  392 123
892  392 122
893  392 121
894  391 120
895  391 119
896  391 118
897  391 117
898  391 116
899  391 115
900  391 114
901  390 113
902  389 112
903  388 111
904  388 110
905  387 109
906  386 108
907  385 107
908  384 106
909  383 105
910  382 104
911  381 103
912  380 102
913  379 102
914  378 102
915  377 101
916  376 100
917  375 100
918  374 99
919  373 99
920  372 98
921  371 98
922  370 97
923  369 96
924  368 96
925  367 95
926  366 95
927  365 94
928  364 93
929  363 93
930  362 93
931  361 93
932  360 93
933  359 92
934  358 92
935  357 92
936  356 91
937  355 91
938  354 91
939  353 91
940  352 90
941  351 90
942  350 90
943  349 90
944  348 89
945  347 89
946  346 89
947  345 89
948  344 89
949  343 89
950  342 89
951  341 89
952  340 89
953  339 89
954  338 89
955  337 89
956  336 89
957  335 89
958  334 89
959  333 90
960  332 90
961  331 90
962  330 90
963  329 90
964  328 90
965  327 90
966  326 90
967  325 90
968  324 90
969  323 90
970  322 90
971  321 90
972  320 90
973  319 90
974  318 90
975  317 89
976  316 88
977  315 88
978  314 87
979  313 86
980  312 86
981  311 86
982  310 86
983  309 86
984  308 86
985  307 86
986  306 86
987  305 86
988  304 85
989  303 85
990  302 84
991  301 83
992  300 82
993  299 81
994  298 80
995  297 79
996  296 78
997  295 77
998  294 77
999  293 76
1000 292 76
1001 291 76
1002 290 76
1003 289 76
1004 288 76
1005 287 76
1006 286 76
1007 285 76
1008 284 76
1009 283 76
1010 282 76
1011 281 76
1012 280 76
1013 279 76
1014 278 76
1015 277 76
1016 276 76
1017 275 76
1018 274 77
1019 273 78
1020 272 79
1021 271 79
1022 270 80
1023 269 80
1024 268 80
1025 267 80
1026 266 80
1027 265 80
1028 264 80
1029 263 81
1030 262 82
1031 261 83
1032 260 84
1033 259 85
1034 258 86
1035 257 87
1036 256 88
1037 255 89
1038 254 90
1039 253 91
1040 252 92
1041 251 93
1042 250 93
1043 249 93
1044 248 93
1045 247 93
1046 246 94
1047 245 94
1048 244 94
1049 243 95
1050 242 96
1051 241 97
1052 240 98
1053 239 99
1054 238 100
1055 237 100
1056 236 101
1057 235 101
1058 234 101
1059 233 101
1060 232 101
1061 231 101
1062 230 101
1063 229 102
1064 228 103
1065 227 104
1066 226 105
1067 225 106
1068 224 107
1069 223 108
1070 222 108
1071 221 108
1072 220 108
1073 219 108
1074 218 108
1075 217 109
1076 216 110
1077 215 110
1078 214 111
1079 213 112
1080 212 113
1081 211 113
1082 210 114
1083 209 115
1084 208 116
1085 207 116
1086 206 117
1087 205 118
1088 204 119
1089 203 120
1090 202 121
1091 201 122
1092 200 123
1093 199 124
1094 198 125
1095 197 126
1096 196 127
1097 195 127
1098 194 128
1099 193 129
1100 192 130
1101 191 131
1102 190 132
1103 189 133
1104 188 134
1105 187 135
1106 186 136
1107 185 137
1108 184 138
1109 183 138
1110 182 139
1111 181 140
1112 180 140
1113 179 141
1114 178 142
1115 177 143
1116 176 144
1117 175 145
1118 174 146
1119 173 147
1120 172 148
1121 171 149
1122 171 150
1123 170 151
1124 169 152
1125 168 153
1126 167 154
1127 166 155
1128 165 156
1129 164 157
1130 163 158
1131 163 159
1132 162 160
1133 161 161
1134 161 162
1135 160 163
1136 159 164
1137 159 165
1138 158 166
1139 157 167
1140 156 168
1141 155 169
1142 154 170
1143 153 171
1144 152 172
1145 152 173
1146 151 174
1147 150 175
1148 150 176
1149 149 177
1150 148 178
1151 147 179
1152 146 180
1153 145 181
1154 145 182
1155 144 183
1156 143 184
1157 142 185
1158 142 186
1159 141 187
1160 141 188
1161 141 189
1162 140 190
1163 140 191
1164 139 192
1165 139 193
1166 138 194
1167 138 195
1168 137 196
1169 136 197
1170 136 198
1171 135 199
1172 135 200
1173 134 201
1174 134 202
1175 133 203
1176 133 204
1177 132 205
1178 132 206
1179 131 207
1180 131 208
1181 130 209
1182 129 210
1183 128 211
1184 128 212
1185 128 213
1186 127 214
1187 127 215
1188 127 216
1189 126 217
1190 126 218
1191 125 219
1192 125 220
1193 124 221
1194 124 222
1195 123 223
1196 123 224
1197 123 225
1198 122 226
1199 122 227
1200 122 228
1201 122 229
1202 121 230
1203 121 231
1204 120 232
1205 120 233
1206 120 234
1207 119 235
1208 119 236
1209 118 237
1210 118 238
1211 117 239
1212 117 240
1213 116 241
1214 116 242
1215 115 243
1216 115 244
1217 115 245
1218 114 246
1219 114 247
1220 114 248
1221 114 249
1222 113 250
1223 113 251
1224 113 252
1225 113 253
1226 113 254
1227 112 255
1228 112 256
1229 112 257
1230 112 258
1231 112 259
1232 111 260
1233 111 261
1234 111 262
1235 110 263
1236 110 264
1237 110 265
1238 109 266
1239 109 267
1240 109 268
1241 109 269
1242 109 270
1243 109 271
1244 108 272
1245 108 273
1246 108 274
1247 108 275
1248 108 276
1249 108 277
1250 108 278
1251 108 279
1252 108 280
1253 107 281
1254 107 282
1255 107 283
1256 107 284
1257 107 285
1258 107 286
1259 107 287
1260 107 288
1261 106 289
1262 106 290
1263 106 291
1264 105 292
1265 105 293
1266 105 294
1267 105 295
1268 105 296
1269 105 297
1270 105 298
1271 105 299
1272 105 300
1273 105 301
1274 105 302
1275 105 303
1276 105 304
1277 105 305
1278 105 306
1279 105 307
