name   x   y
1    104 323
2    104 324
3    104 325
4    104 326
5    104 327
6    104 328
7    104 329
8    104 330
9    104 331
10   104 332
11   104 333
12   104 334
13   104 335
14   104 336
15   105 337
16   105 338
17   105 339
18   105 340
19   105 341
20   105 342
21   105 343
22   105 344
23   105 345
24   105 346
25   105 347
26   105 348
27   105 349
28   105 350
29   105 351
30   105 352
31   105 353
32   105 354
33   105 355
34   104 356
35   104 357
36   104 358
37   104 359
38   104 360
39   104 361
40   104 362
41   104 363
42   104 364
43   104 365
44   104 366
45   104 367
46   104 368
47   104 369
48   104 370
49   104 371
50   104 372
51   104 373
52   104 374
53   104 375
54   104 376
55   104 377
56   105 378
57   106 379
58   106 380
59   106 381
60   106 382
61   107 383
62   108 384
63   109 385
64   110 386
65   111 387
66   112 388
67   113 389
68   114 390
69   115 391
70   116 391
71   117 392
72   118 392
73   119 393
74   120 393
75   121 393
76   122 393
77   123 393
78   124 393
79   125 393
80   126 393
81   127 394
82   128 394
83   129 395
84   130 396
85   131 397
86   132 398
87   133 399
88   134 399
89   135 400
90   136 400
91   137 401
92   138 401
93   139 401
94   140 402
95   141 403
96   142 403
97   143 404
98   144 405
99   145 405
100  146 405
101  147 406
102  148 407
103  149 408
104  150 409
105  151 409
106  152 410
107  153 410
108  154 411
109  155 411
110  156 411
111  157 412
112  158 412
113  159 413
114  160 414
115  161 415
116  162 416
117  163 417
118  164 418
119  165 419
120  166 420
121  167 420
122  168 421
123  169 421
124  170 421
125  171 421
126  172 422
127  173 422
128  174 422
129  175 422
130  176 423
131  177 424
132  178 425
133  179 426
134  180 427
135  181 428
136  182 429
137  183 430
138  184 431
139  185 432
140  186 433
141  187 434
142  188 435
143  189 435
144  190 436
145  191 436
146  192 437
147  193 437
148  194 437
149  195 437
150  196 437
151  197 437
152  198 437
153  199 437
154  200 437
155  201 437
156  202 437
157  203 437
158  204 437
159  205 437
160  206 437
161  207 437
162  208 437
163  209 437
164  210 437
165  211 437
166  212 437
167  213 437
168  214 438
169  215 438
170  216 438
171  217 439
172  218 439
173  219 440
174  220 441
175  221 441
176  222 442
177  223 442
178  224 443
179  225 444
180  226 445
181  227 445
182  228 446
183  229 447
184  230 448
185  231 448
186  232 448
187  233 448
188  234 448
189  235 449
190  236 449
191  237 449
192  238 449
193  239 449
194  240 449
195  241 449
196  242 450
197  243 450
198  244 450
199  245 450
200  246 451
201  247 451
202  248 452
203  249 452
204  250 452
205  251 453
206  252 453
207  253 454
208  254 454
209  255 455
210  256 455
211  257 456
212  258 456
213  259 456
214  260 456
215  261 456
216  262 457
217  263 457
218  264 457
219  265 457
220  266 458
221  267 458
222  268 458
223  269 458
224  270 458
225  271 458
226  272 458
227  273 458
228  274 459
229  275 460
230  276 460
231  277 461
232  278 461
233  279 461
234  280 461
235  281 461
236  282 461
237  283 461
238  284 461
239  285 461
240  286 461
241  287 462
242  288 463
243  289 464
244  290 465
245  291 466
246  292 466
247  293 466
248  294 466
249  295 466
250  296 466
251  297 466
252  298 467
253  299 467
254  300 468
255  301 469
256  302 470
257  303 471
258  304 472
259  305 473
260  306 474
261  307 475
262  308 475
263  309 475
264  310 475
265  311 475
266  312 475
267  313 475
268  314 475
269  315 475
270  316 475
271  317 475
272  318 475
273  319 475
274  320 474
275  321 474
276  322 474
277  323 474
278  324 474
279  325 474
280  326 474
281  327 474
282  328 473
283  329 473
284  330 473
285  331 473
286  332 473
287  333 473
288  334 473
289  335 473
290  336 473
291  337 473
292  338 473
293  339 473
294  340 473
295  341 473
296  342 474
297  343 474
298  344 474
299  345 474
300  346 474
301  347 474
302  348 475
303  349 475
304  350 475
305  351 475
306  352 475
307  353 475
308  354 475
309  355 475
310  356 475
311  357 475
312  358 475
313  359 475
314  360 476
315  361 476
316  362 476
317  363 476
318  364 476
319  365 476
320  366 477
321  367 477
322  368 477
323  369 477
324  370 477
325  371 477
326  372 477
327  373 477
328  374 477
329  375 477
330  376 477
331  377 477
332  378 477
333  379 477
334  380 477
335  381 477
336  382 478
337  383 478
338  384 478
339  385 479
340  386 479
341  387 479
342  388 479
343  389 479
344  390 479
345  391 479
346  392 480
347  393 480
348  394 480
349  395 481
350  396 481
351  397 481
352  398 481
353  399 481
354  400 482
355  401 482
356  402 482
357  403 483
358  404 483
359  405 484
360  406 484
361  407 484
362  408 485
363  409 485
364  410 485
365  411 486
366  412 486
367  413 487
368  414 487
369  415 487
370  416 487
371  417 487
372  418 487
373  419 487
374  420 488
375  421 488
376  422 488
377  423 489
378  424 489
379  425 490
380  426 491
381  427 491
382  428 492
383  429 493
384  430 493
385  431 493
386  432 494
387  433 495
388  434 495
389  435 495
390  436 496
391  437 497
392  438 497
393  439 497
394  440 498
395  441 499
396  442 499
397  443 500
398  444 500
399  445 501
400  446 501
401  447 501
402  448 502
403  449 502
404  450 502
405  451 502
406  452 502
407  453 502
408  454 502
409  455 502
410  456 502
411  457 502
412  458 502
413  459 502
414  460 502
415  461 501
416  462 500
417  463 499
418  464 498
419  465 497
420  466 496
421  467 495
422  468 494
423  469 493
424  470 492
425  471 491
426  472 490
427  473 489
428  474 488
429  474 487
430  475 486
431  476 485
432  477 484
433  477 483
434  478 482
435  479 481
436  479 480
437  480 479
438  481 478
439  481 477
440  482 476
441  483 475
442  484 474
443  484 473
444  485 472
445  485 471
446  486 470
447  486 469
448  487 468
449  487 467
450  488 466
451  488 465
452  488 464
453  488 463
454  489 462
455  490 461
456  491 460
457  492 459
458  492 458
459  492 457
460  492 456
461  492 455
462  492 454
463  492 453
464  492 452
465  493 451
466  493 450
467  493 449
468  493 448
469  493 447
470  493 446
471  493 445
472  493 444
473  493 443
474  493 442
475  493 441
476  493 440
477  493 439
478  493 438
479  493 437
480  493 436
481  493 435
482  493 434
483  493 433
484  493 432
485  493 431
486  493 430
487  493 429
488  493 428
489  493 427
490  493 426
491  493 425
492  493 424
493  493 423
494  493 422
495  493 421
496  493 420
497  493 419
498  493 418
499  493 417
500  493 416
501  493 415
502  493 414
503  493 413
504  493 412
505  493 411
506  493 410
507  493 409
508  493 408
509  493 407
510  493 406
511  493 405
512  493 404
513  493 403
514  493 402
515  493 401
516  493 400
517  494 399
518  494 398
519  494 397
520  494 396
521  495 395
522  495 394
523  496 393
524  496 392
525  496 391
526  496 390
527  496 389
528  496 388
529  496 387
530  496 386
531  496 385
532  496 384
533  497 383
534  497 382
535  497 381
536  497 380
537  497 379
538  497 378
539  497 377
540  498 376
541  498 375
542  498 374
543  498 373
544  498 372
545  498 371
546  498 370
547  498 369
548  499 368
549  499 367
550  499 366
551  499 365
552  499 364
553  499 363
554  499 362
555  499 361
556  499 360
557  499 359
558  499 358
559  499 357
560  499 356
561  499 355
562  499 354
563  499 353
564  499 352
565  499 351
566  499 350
567  499 349
568  499 348
569  499 347
570  499 346
571  499 345
572  499 344
573  499 343
574  499 342
575  499 341
576  499 340
577  499 339
578  499 338
579  499 337
580  499 336
581  499 335
582  499 334
583  499 333
584  499 332
585  498 331
586  497 330
587  496 329
588  496 328
589  496 327
590  496 326
591  496 325
592  496 324
593  496 323
594  496 322
595  495 321
596  495 320
597  494 319
598  494 318
599  494 317
600  494 316
601  494 315
602  494 314
603  494 313
604  494 312
605  494 311
606  494 310
607  494 309
608  494 308
609  494 307
610  494 306
611  494 305
612  494 304
613  493 303
614  492 302
615  491 301
616  490 300
617  490 299
618  490 298
619  490 297
620  490 296
621  490 295
622  490 294
623  490 293
624  490 292
625  490 291
626  490 290
627  490 289
628  490 288
629  490 287
630  490 286
631  490 285
632  490 284
633  490 283
634  490 282
635  490 281
636  489 280
637  488 279
638  488 278
639  488 277
640  488 276
641  488 275
642  488 274
643  488 273
644  487 272
645  486 271
646  486 270
647  486 269
648  486 268
649  486 267
650  485 266
651  484 265
652  484 264
653  484 263
654  484 262
655  483 261
656  483 260
657  483 259
658  482 258
659  482 257
660  482 256
661  482 255
662  481 254
663  480 253
664  480 252
665  479 251
666  479 250
667  478 249
668  478 248
669  478 247
670  478 246
671  478 245
672  477 244
673  477 243
674  477 242
675  476 241
676  475 240
677  474 239
678  474 238
679  474 237
680  474 236
681  474 235
682  474 234
683  473 233
684  473 232
685  472 231
686  472 230
687  471 229
688  471 228
689  470 227
690  470 226
691  469 225
692  468 224
693  467 223
694  467 222
695  467 221
696  467 220
697  467 219
698  467 218
699  466 217
700  466 216
701  465 215
702  464 214
703  464 213
704  463 212
705  463 211
706  462 210
707  461 209
708  460 208
709  459 207
710  458 206
711  457 205
712  456 204
713  456 203
714  456 202
715  456 201
716  456 200
717  456 199
718  455 198
719  454 197
720  453 196
721  452 195
722  451 194
723  450 193
724  449 192
725  448 191
726  447 190
727  446 189
728  445 188
729  444 187
730  443 186
731  442 185
732  441 184
733  440 183
734  439 182
735  438 181
736  437 180
737  436 179
738  436 178
739  436 177
740  436 176
741  436 175
742  436 174
743  436 173
744  436 172
745  436 171
746  436 170
747  436 169
748  436 168
749  436 167
750  435 166
751  435 165
752  434 164
753  433 163
754  432 162
755  432 161
756  431 160
757  430 159
758  429 158
759  428 157
760  427 156
761  427 155
762  426 154
763  425 153
764  424 152
765  423 151
766  422 150
767  421 149
768  420 148
769  419 147
770  418 146
771  417 146
772  416 146
773  415 146
774  414 145
775  413 145
776  412 144
777  411 143
778  410 143
779  409 142
780  408 141
781  407 140
782  406 139
783  405 138
784  404 138
785  403 137
786  402 136
787  401 135
788  400 134
789  399 134
790  398 133
791  397 133
792  396 132
793  395 131
794  394 131
795  393 130
796  392 129
797  391 129
798  390 128
799  389 128
800  388 127
801  387 126
802  386 125
803  385 124
804  384 124
805  383 124
806  382 123
807  381 122
808  380 122
809  379 121
810  378 121
811  377 120
812  376 120
813  375 120
814  374 119
815  373 119
816  372 118
817  371 118
818  370 118
819  369 117
820  368 117
821  367 116
822  366 116
823  365 116
824  364 115
825  363 115
826  362 114
827  361 114
828  360 114
829  359 113
830  358 113
831  357 113
832  356 112
833  355 112
834  354 111
835  353 111
836  352 111
837  351 110
838  350 110
839  349 110
840  348 109
841  347 109
842  346 109
843  345 109
844  344 109
845  343 109
846  342 108
847  341 108
848  340 108
849  339 108
850  338 107
851  337 107
852  336 107
853  335 107
854  334 107
855  333 106
856  332 106
857  331 106
858  330 106
859  329 106
860  328 106
861  327 105
862  326 105
863  325 105
864  324 105
865  323 104
866  322 104
867  321 104
868  320 104
869  319 104
870  318 104
871  317 104
872  316 104
873  315 104
874  314 103
875  313 103
876  312 102
877  311 102
878  310 102
879  309 101
880  308 101
881  307 101
882  306 101
883  305 101
884  304 101
885  303 101
886  302 101
887  301 101
888  300 101
889  299 101
890  298 101
891  297 101
892  296 101
893  295 101
894  294 101
895  293 101
896  292 101
897  291 101
898  290 101
899  289 101
900  288 101
901  287 101
902  286 101
903  285 101
904  284 101
905  283 101
906  282 101
907  281 101
908  280 101
909  279 101
910  278 102
911  277 102
912  276 102
913  275 102
914  274 102
915  273 102
916  272 102
917  271 102
918  270 102
919  269 102
920  268 102
921  267 102
922  266 102
923  265 102
924  264 102
925  263 102
926  262 102
927  261 102
928  260 102
929  259 102
930  258 102
931  257 103
932  256 103
933  255 103
934  254 103
935  253 104
936  252 104
937  251 104
938  250 104
939  249 104
940  248 105
941  247 105
942  246 106
943  245 107
944  244 107
945  243 108
946  242 108
947  241 108
948  240 109
949  239 109
950  238 109
951  237 110
952  236 110
953  235 110
954  234 110
955  233 111
956  232 111
957  231 112
958  230 113
959  229 114
960  228 114
961  227 114
962  226 114
963  225 114
964  224 115
965  223 116
966  222 116
967  221 116
968  220 116
969  219 117
970  218 117
971  217 118
972  216 118
973  215 119
974  214 119
975  213 120
976  212 120
977  211 121
978  210 121
979  209 122
980  208 122
981  207 123
982  206 124
983  205 125
984  204 126
985  203 127
986  202 128
987  201 129
988  200 130
989  199 130
990  198 131
991  197 132
992  196 133
993  195 134
994  194 135
995  193 135
996  192 135
997  191 136
998  190 137
999  189 138
1000 188 139
1001 187 140
1002 186 141
1003 185 142
1004 184 143
1005 183 143
1006 182 143
1007 181 144
1008 180 145
1009 179 146
1010 178 147
1011 177 148
1012 176 149
1013 175 150
1014 174 151
1015 174 152
1016 173 153
1017 172 154
1018 172 155
1019 171 156
1020 170 157
1021 169 158
1022 168 159
1023 167 160
1024 166 161
1025 165 162
1026 164 163
1027 163 164
1028 162 165
1029 161 166
1030 161 167
1031 161 168
1032 161 169
1033 160 170
1034 159 171
1035 158 172
1036 157 173
1037 156 174
1038 155 175
1039 154 176
1040 154 177
1041 153 178
1042 152 179
1043 152 180
1044 152 181
1045 151 182
1046 151 183
1047 150 184
1048 149 185
1049 148 186
1050 148 187
1051 147 188
1052 146 189
1053 145 190
1054 144 191
1055 143 192
1056 142 193
1057 142 194
1058 142 195
1059 141 196
1060 140 197
1061 140 198
1062 139 199
1063 138 200
1064 137 201
1065 136 202
1066 136 203
1067 136 204
1068 135 205
1069 134 206
1070 134 207
1071 134 208
1072 133 209
1073 132 210
1074 132 211
1075 131 212
1076 131 213
1077 131 214
1078 130 215
1079 130 216
1080 129 217
1081 129 218
1082 129 219
1083 128 220
1084 128 221
1085 128 222
1086 127 223
1087 126 224
1088 126 225
1089 125 226
1090 125 227
1091 125 228
1092 125 229
1093 125 230
1094 125 231
1095 124 232
1096 123 233
1097 122 234
1098 122 235
1099 121 236
1100 121 237
1101 120 238
1102 120 239
1103 120 240
1104 120 241
1105 119 242
1106 119 243
1107 119 244
1108 118 245
1109 117 246
1110 117 247
1111 117 248
1112 117 249
1113 116 250
1114 116 251
1115 116 252
1116 116 253
1117 116 254
1118 116 255
1119 115 256
1120 115 257
1121 115 258
1122 115 259
1123 114 260
1124 114 261
1125 114 262
1126 114 263
1127 114 264
1128 114 265
1129 113 266
1130 113 267
1131 112 268
1132 112 269
1133 112 270
1134 112 271
1135 112 272
1136 112 273
1137 112 274
1138 112 275
1139 112 276
1140 112 277
1141 112 278
1142 112 279
1143 112 280
1144 112 281
1145 111 282
1146 110 283
1147 110 284
1148 110 285
1149 110 286
1150 109 287
1151 109 288
1152 109 289
1153 109 290
1154 109 291
1155 108 292
1156 108 293
1157 108 294
1158 108 295
1159 108 296
1160 108 297
1161 108 298
1162 108 299
1163 108 300
1164 108 301
1165 108 302
1166 108 303
1167 108 304
1168 108 305
1169 108 306
1170 108 307
1171 107 308
1172 107 309
1173 107 310
1174 107 311
1175 107 312
1176 106 313
1177 105 314
1178 105 315
1179 105 316
1180 105 317
1181 105 318
1182 105 319
1183 105 320
1184 105 321
1185 105 322
