name   x   y
1    91 263
2    91 264
3    91 265
4    91 266
5    91 267
6    91 268
7    91 269
8    91 270
9    91 271
10   91 272
11   91 273
12   91 274
13   91 275
14   91 276
15   92 277
16   93 278
17   94 279
18   95 280
19   96 281
20   97 282
21   98 283
22   99 284
23   100 285
24   101 286
25   102 287
26   103 288
27   103 289
28   103 290
29   103 291
30   103 292
31   103 293
32   103 294
33   103 295
34   103 296
35   103 297
36   103 298
37   103 299
38   103 300
39   103 301
40   103 302
41   103 303
42   103 304
43   103 305
44   104 306
45   104 307
46   104 308
47   104 309
48   104 310
49   104 311
50   104 312
51   104 313
52   104 314
53   104 315
54   104 316
55   104 317
56   104 318
57   104 319
58   103 320
59   102 321
60   101 322
61   101 323
62   101 324
63   101 325
64   101 326
65   101 327
66   101 328
67   101 329
68   101 330
69   101 331
70   101 332
71   101 333
72   101 334
73   101 335
74   101 336
75   101 337
76   101 338
77   101 339
78   101 340
79   101 341
80   101 342
81   102 343
82   103 344
83   104 345
84   104 346
85   104 347
86   104 348
87   104 349
88   104 350
89   104 351
90   104 352
91   104 353
92   104 354
93   104 355
94   104 356
95   104 357
96   105 358
97   106 359
98   107 360
99   108 361
100  109 362
101  110 363
102  110 364
103  110 365
104  110 366
105  110 367
106  110 368
107  110 369
108  110 370
109  110 371
110  110 372
111  110 373
112  110 374
113  110 375
114  110 376
115  110 377
116  110 378
117  110 379
118  110 380
119  110 381
120  110 382
121  110 383
122  110 384
123  110 385
124  110 386
125  110 387
126  110 388
127  110 389
128  110 390
129  109 391
130  108 392
131  107 393
132  106 394
133  105 395
134  105 396
135  105 397
136  105 398
137  105 399
138  105 400
139  105 401
140  105 402
141  105 403
142  105 404
143  105 405
144  105 406
145  105 407
146  105 408
147  106 409
148  107 410
149  108 411
150  108 412
151  108 413
152  108 414
153  109 415
154  110 416
155  111 417
156  112 418
157  112 419
158  113 420
159  113 421
160  113 422
161  113 423
162  114 424
163  115 425
164  116 426
165  117 427
166  118 428
167  119 429
168  120 430
169  121 431
170  121 432
171  122 433
172  122 434
173  122 435
174  122 436
175  122 437
176  123 438
177  124 439
178  125 440
179  125 441
180  125 442
181  125 443
182  126 444
183  126 445
184  127 446
185  127 447
186  128 448
187  128 449
188  128 450
189  128 451
190  129 452
191  130 453
192  131 454
193  131 455
194  132 456
195  132 457
196  132 458
197  132 459
198  132 460
199  132 461
200  132 462
201  132 463
202  132 464
203  132 465
204  133 466
205  133 467
206  134 468
207  135 469
208  135 470
209  136 471
210  137 472
211  138 473
212  139 474
213  140 475
214  141 476
215  142 477
216  143 478
217  144 478
218  145 478
219  146 478
220  147 478
221  148 478
222  149 478
223  150 478
224  151 479
225  152 479
226  153 480
227  154 481
228  155 482
229  156 483
230  157 484
231  158 485
232  159 486
233  160 487
234  161 488
235  162 489
236  162 490
237  162 491
238  162 492
239  162 493
240  162 494
241  162 495
242  163 496
243  164 497
244  165 498
245  166 499
246  167 500
247  168 501
248  169 502
249  170 503
250  171 504
251  172 505
252  173 506
253  174 507
254  175 508
255  175 509
256  175 510
257  175 511
258  176 512
259  177 513
260  178 514
261  179 515
262  180 516
263  181 517
264  182 518
265  183 519
266  184 519
267  185 519
268  186 519
269  187 519
270  188 519
271  189 519
272  190 519
273  191 519
274  192 519
275  193 519
276  194 519
277  195 519
278  196 519
279  197 519
280  198 519
281  199 519
282  200 519
283  201 519
284  202 519
285  203 519
286  204 519
287  205 519
288  206 518
289  207 518
290  208 518
291  209 518
292  210 518
293  211 518
294  212 518
295  213 518
296  214 518
297  215 518
298  216 518
299  217 518
300  218 518
301  219 518
302  220 518
303  221 518
304  222 518
305  223 518
306  224 518
307  225 518
308  226 518
309  227 518
310  228 518
311  229 518
312  230 518
313  231 518
314  232 518
315  233 518
316  234 518
317  235 518
318  236 518
319  237 518
320  238 518
321  239 518
322  240 518
323  241 518
324  242 518
325  243 518
326  244 519
327  245 519
328  246 519
329  247 520
330  248 520
331  249 521
332  250 521
333  251 521
334  252 521
335  253 521
336  254 521
337  255 521
338  256 521
339  257 521
340  258 521
341  259 521
342  260 521
343  261 521
344  262 521
345  263 521
346  264 521
347  265 522
348  266 522
349  267 522
350  268 522
351  269 522
352  270 522
353  271 522
354  272 523
355  273 524
356  274 525
357  275 525
358  276 525
359  277 525
360  278 525
361  279 525
362  280 525
363  281 525
364  282 525
365  283 525
366  284 525
367  285 525
368  286 525
369  287 525
370  288 525
371  289 525
372  290 525
373  291 525
374  292 525
375  293 525
376  294 525
377  295 525
378  296 526
379  297 526
380  298 527
381  299 527
382  300 527
383  301 528
384  302 528
385  303 528
386  304 529
387  305 529
388  306 529
389  307 529
390  308 529
391  309 529
392  310 529
393  311 529
394  312 529
395  313 529
396  314 529
397  315 529
398  316 529
399  317 529
400  318 529
401  319 529
402  320 529
403  321 529
404  322 529
405  323 529
406  324 529
407  325 530
408  326 530
409  327 531
410  328 531
411  329 531
412  330 532
413  331 532
414  332 532
415  333 533
416  334 533
417  335 534
418  336 535
419  337 535
420  338 535
421  339 536
422  340 537
423  341 538
424  342 538
425  343 538
426  344 538
427  345 539
428  346 539
429  347 539
430  348 539
431  349 540
432  350 541
433  351 541
434  352 541
435  353 541
436  354 541
437  355 541
438  356 541
439  357 541
440  358 541
441  359 541
442  360 541
443  361 541
444  362 541
445  363 541
446  364 540
447  365 539
448  366 539
449  367 539
450  368 539
451  369 539
452  370 539
453  371 539
454  372 539
455  373 539
456  374 539
457  375 539
458  376 539
459  377 539
460  378 539
461  379 539
462  380 539
463  381 538
464  382 538
465  383 538
466  384 538
467  385 538
468  386 538
469  387 538
470  388 538
471  389 538
472  390 538
473  391 537
474  392 537
475  393 537
476  394 537
477  395 537
478  396 537
479  397 537
480  398 537
481  399 536
482  400 535
483  401 534
484  402 533
485  403 532
486  404 531
487  405 530
488  406 529
489  406 528
490  406 527
491  407 526
492  408 525
493  409 524
494  409 523
495  410 522
496  411 521
497  412 520
498  413 519
499  414 518
500  415 517
501  416 516
502  417 515
503  417 514
504  418 513
505  418 512
506  418 511
507  418 510
508  418 509
509  418 508
510  418 507
511  418 506
512  418 505
513  418 504
514  418 503
515  419 502
516  420 501
517  421 500
518  422 499
519  423 498
520  424 497
521  425 496
522  426 495
523  427 494
524  428 493
525  429 492
526  430 491
527  431 490
528  431 489
529  431 488
530  431 487
531  431 486
532  431 485
533  431 484
534  431 483
535  431 482
536  431 481
537  431 480
538  431 479
539  432 478
540  433 477
541  434 476
542  435 475
543  436 474
544  437 473
545  438 472
546  439 471
547  440 470
548  441 469
549  442 468
550  443 467
551  444 466
552  445 465
553  446 464
554  447 463
555  448 463
556  449 463
557  450 463
558  451 462
559  452 461
560  453 460
561  454 459
562  455 458
563  456 457
564  457 456
565  458 455
566  459 454
567  460 453
568  461 452
569  462 451
570  463 450
571  463 449
572  463 448
573  463 447
574  464 446
575  465 445
576  466 444
577  467 443
578  468 442
579  468 441
580  468 440
581  468 439
582  468 438
583  468 437
584  468 436
585  469 435
586  469 434
587  470 433
588  470 432
589  471 431
590  472 430
591  473 429
592  473 428
593  473 427
594  474 426
595  475 425
596  476 424
597  477 423
598  478 422
599  479 421
600  479 420
601  479 419
602  479 418
603  479 417
604  480 416
605  481 415
606  482 414
607  483 413
608  484 412
609  484 411
610  485 410
611  485 409
612  486 408
613  487 407
614  487 406
615  487 405
616  488 404
617  488 403
618  489 402
619  490 401
620  491 400
621  492 399
622  493 398
623  493 397
624  493 396
625  493 395
626  493 394
627  494 393
628  495 392
629  495 391
630  496 390
631  496 389
632  496 388
633  496 387
634  496 386
635  496 385
636  496 384
637  496 383
638  497 382
639  498 381
640  499 380
641  500 379
642  500 378
643  500 377
644  500 376
645  500 375
646  500 374
647  500 373
648  500 372
649  500 371
650  500 370
651  500 369
652  500 368
653  500 367
654  500 366
655  500 365
656  500 364
657  500 363
658  500 362
659  500 361
660  500 360
661  500 359
662  500 358
663  500 357
664  500 356
665  500 355
666  500 354
667  500 353
668  500 352
669  501 351
670  502 350
671  502 349
672  502 348
673  503 347
674  504 346
675  505 345
676  506 344
677  507 343
678  508 342
679  509 341
680  509 340
681  509 339
682  509 338
683  509 337
684  509 336
685  509 335
686  509 334
687  509 333
688  509 332
689  509 331
690  510 330
691  510 329
692  510 328
693  510 327
694  510 326
695  510 325
696  510 324
697  510 323
698  511 322
699  511 321
700  511 320
701  511 319
702  511 318
703  512 317
704  512 316
705  512 315
706  512 314
707  512 313
708  512 312
709  512 311
710  512 310
711  512 309
712  512 308
713  512 307
714  512 306
715  512 305
716  512 304
717  512 303
718  512 302
719  512 301
720  512 300
721  512 299
722  512 298
723  512 297
724  511 296
725  511 295
726  511 294
727  511 293
728  511 292
729  511 291
730  511 290
731  511 289
732  511 288
733  511 287
734  511 286
735  511 285
736  511 284
737  511 283
738  511 282
739  510 281
740  510 280
741  510 279
742  510 278
743  509 277
744  509 276
745  509 275
746  509 274
747  509 273
748  509 272
749  509 271
750  508 270
751  507 269
752  506 268
753  505 267
754  504 266
755  503 265
756  502 264
757  501 263
758  501 262
759  501 261
760  501 260
761  501 259
762  501 258
763  501 257
764  501 256
765  501 255
766  501 254
767  501 253
768  501 252
769  501 251
770  501 250
771  501 249
772  501 248
773  501 247
774  501 246
775  501 245
776  501 244
777  501 243
778  501 242
779  501 241
780  501 240
781  501 239
782  500 238
783  499 237
784  499 236
785  499 235
786  499 234
787  499 233
788  499 232
789  498 231
790  497 230
791  496 229
792  495 228
793  494 227
794  493 226
795  492 225
796  491 224
797  490 223
798  489 222
799  488 221
800  487 220
801  487 219
802  486 218
803  486 217
804  486 216
805  485 215
806  485 214
807  485 213
808  485 212
809  484 211
810  484 210
811  484 209
812  483 208
813  483 207
814  482 206
815  482 205
816  482 204
817  482 203
818  482 202
819  482 201
820  482 200
821  482 199
822  482 198
823  482 197
824  481 196
825  480 195
826  479 194
827  478 193
828  477 192
829  476 191
830  475 190
831  474 189
832  473 188
833  473 187
834  473 186
835  473 185
836  472 184
837  471 183
838  470 182
839  469 181
840  469 180
841  468 179
842  468 178
843  467 177
844  466 176
845  466 175
846  465 174
847  464 173
848  463 172
849  463 171
850  463 170
851  463 169
852  463 168
853  463 167
854  463 166
855  463 165
856  463 164
857  463 163
858  462 162
859  461 161
860  460 160
861  459 159
862  458 158
863  457 157
864  457 156
865  456 155
866  455 154
867  454 153
868  453 152
869  452 151
870  451 150
871  450 149
872  449 148
873  448 147
874  448 146
875  448 145
876  447 144
877  446 143
878  445 142
879  444 141
880  444 140
881  443 139
882  443 138
883  442 137
884  441 136
885  440 135
886  439 134
887  438 133
888  437 132
889  436 131
890  435 130
891  434 129
892  433 128
893  432 127
894  431 126
895  430 125
896  429 124
897  429 123
898  429 122
899  428 121
900  427 120
901  426 119
902  425 118
903  424 117
904  423 116
905  422 115
906  421 114
907  420 113
908  419 112
909  418 111
910  417 110
911  416 109
912  415 108
913  414 107
914  413 106
915  412 105
916  411 104
917  410 103
918  409 102
919  408 101
920  407 101
921  406 100
922  405 99
923  404 98
924  403 97
925  402 96
926  401 96
927  400 95
928  399 94
929  398 93
930  397 92
931  396 91
932  395 90
933  394 89
934  393 88
935  392 87
936  391 87
937  390 86
938  389 85
939  388 85
940  387 84
941  386 84
942  385 83
943  384 82
944  383 82
945  382 81
946  381 80
947  380 80
948  379 79
949  378 79
950  377 78
951  376 78
952  375 77
953  374 77
954  373 76
955  372 76
956  371 76
957  370 75
958  369 75
959  368 74
960  367 74
961  366 73
962  365 73
963  364 73
964  363 72
965  362 72
966  361 71
967  360 71
968  359 71
969  358 70
970  357 70
971  356 69
972  355 69
973  354 69
974  353 69
975  352 68
976  351 68
977  350 68
978  349 67
979  348 67
980  347 66
981  346 66
982  345 66
983  344 66
984  343 66
985  342 65
986  341 65
987  340 65
988  339 65
989  338 65
990  337 64
991  336 64
992  335 64
993  334 64
994  333 64
995  332 63
996  331 63
997  330 63
998  329 62
999  328 62
1000 327 62
1001 326 62
1002 325 62
1003 324 62
1004 323 61
1005 322 61
1006 321 61
1007 320 61
1008 319 61
1009 318 61
1010 317 61
1011 316 61
1012 315 61
1013 314 61
1014 313 61
1015 312 61
1016 311 61
1017 310 61
1018 309 61
1019 308 61
1020 307 61
1021 306 61
1022 305 61
1023 304 61
1024 303 61
1025 302 61
1026 301 61
1027 300 61
1028 299 61
1029 298 61
1030 297 61
1031 296 61
1032 295 61
1033 294 61
1034 293 61
1035 292 61
1036 291 61
1037 290 61
1038 289 61
1039 288 61
1040 287 61
1041 286 61
1042 285 61
1043 284 61
1044 283 61
1045 282 61
1046 281 61
1047 280 61
1048 279 62
1049 278 62
1050 277 62
1051 276 62
1052 275 62
1053 274 62
1054 273 63
1055 272 63
1056 271 63
1057 270 63
1058 269 64
1059 268 64
1060 267 64
1061 266 64
1062 265 64
1063 264 64
1064 263 64
1065 262 64
1066 261 64
1067 260 64
1068 259 65
1069 258 65
1070 257 66
1071 256 67
1072 255 67
1073 254 68
1074 253 68
1075 252 68
1076 251 68
1077 250 69
1078 249 69
1079 248 70
1080 247 70
1081 246 71
1082 245 72
1083 244 72
1084 243 72
1085 242 72
1086 241 73
1087 240 74
1088 239 75
1089 238 75
1090 237 76
1091 236 77
1092 235 77
1093 234 78
1094 233 78
1095 232 79
1096 231 79
1097 230 79
1098 229 79
1099 228 80
1100 227 81
1101 226 82
1102 225 83
1103 224 84
1104 223 85
1105 222 86
1106 221 86
1107 220 87
1108 219 88
1109 218 89
1110 217 89
1111 216 90
1112 215 91
1113 214 92
1114 213 93
1115 212 93
1116 211 94
1117 210 95
1118 209 96
1119 208 97
1120 207 98
1121 206 99
1122 205 100
1123 204 101
1124 203 101
1125 202 102
1126 201 102
1127 200 102
1128 199 103
1129 198 104
1130 197 105
1131 196 106
1132 195 107
1133 194 108
1134 193 109
1135 192 110
1136 191 111
1137 190 112
1138 189 113
1139 188 114
1140 187 114
1141 186 115
1142 185 116
1143 184 117
1144 183 118
1145 182 119
1146 181 120
1147 180 121
1148 179 122
1149 178 123
1150 177 124
1151 176 125
1152 175 126
1153 174 127
1154 173 128
1155 172 129
1156 171 130
1157 170 131
1158 169 132
1159 168 133
1160 167 134
1161 167 135
1162 167 136
1163 166 137
1164 166 138
1165 165 139
1166 164 140
1167 163 141
1168 163 142
1169 162 143
1170 162 144
1171 161 145
1172 160 146
1173 159 147
1174 159 148
1175 158 149
1176 158 150
1177 157 151
1178 156 152
1179 155 153
1180 154 154
1181 153 155
1182 153 156
1183 153 157
1184 152 158
1185 151 159
1186 151 160
1187 151 161
1188 151 162
1189 151 163
1190 151 164
1191 151 165
1192 151 166
1193 150 167
1194 149 168
1195 148 169
1196 147 170
1197 146 171
1198 145 172
1199 144 173
1200 143 174
1201 142 175
1202 141 175
1203 140 175
1204 139 175
1205 138 175
1206 137 176
1207 136 177
1208 135 178
1209 134 179
1210 133 180
1211 132 181
1212 131 182
1213 130 183
1214 129 184
1215 129 185
1216 128 186
1217 127 187
1218 127 188
1219 127 189
1220 127 190
1221 127 191
1222 127 192
1223 126 193
1224 125 194
1225 124 195
1226 124 196
1227 124 197
1228 124 198
1229 124 199
1230 124 200
1231 123 201
1232 122 202
1233 122 203
1234 121 204
1235 121 205
1236 121 206
1237 121 207
1238 120 208
1239 120 209
1240 120 210
1241 120 211
1242 119 212
1243 118 213
1244 117 214
1245 116 215
1246 115 216
1247 114 217
1248 113 218
1249 113 219
1250 113 220
1251 113 221
1252 113 222
1253 113 223
1254 112 224
1255 112 225
1256 111 226
1257 111 227
1258 111 228
1259 111 229
1260 110 230
1261 109 231
1262 108 232
1263 108 233
1264 108 234
1265 107 235
1266 106 236
1267 106 237
1268 106 238
1269 106 239
1270 105 240
1271 104 241
1272 104 242
1273 104 243
1274 104 244
1275 103 245
1276 102 246
1277 102 247
1278 101 248
1279 101 249
1280 100 250
1281 99 251
1282 98 252
1283 97 253
1284 96 254
1285 95 255
1286 94 256
1287 93 257
1288 93 258
1289 93 259
1290 93 260
1291 93 261
1292 92 262
