name   x   y
1    88 323
2    88 324
3    88 325
4    88 326
5    88 327
6    88 328
7    88 329
8    88 330
9    88 331
10   88 332
11   88 333
12   88 334
13   88 335
14   88 336
15   88 337
16   88 338
17   88 339
18   88 340
19   88 341
20   88 342
21   88 343
22   88 344
23   88 345
24   88 346
25   88 347
26   88 348
27   88 349
28   88 350
29   88 351
30   88 352
31   88 353
32   88 354
33   88 355
34   88 356
35   88 357
36   89 358
37   90 359
38   90 360
39   90 361
40   90 362
41   90 363
42   90 364
43   90 365
44   90 366
45   91 367
46   91 368
47   91 369
48   91 370
49   91 371
50   92 372
51   93 373
52   94 374
53   95 375
54   96 376
55   97 377
56   98 378
57   99 379
58   100 379
59   101 380
60   102 381
61   103 381
62   104 381
63   105 381
64   106 381
65   107 381
66   108 381
67   109 381
68   110 381
69   111 382
70   112 383
71   113 384
72   114 385
73   115 386
74   116 387
75   117 388
76   118 389
77   119 390
78   120 391
79   121 392
80   122 393
81   123 394
82   124 395
83   125 396
84   126 397
85   127 398
86   128 399
87   129 399
88   130 399
89   131 399
90   132 399
91   133 399
92   134 399
93   135 399
94   136 399
95   137 400
96   138 401
97   139 402
98   140 403
99   141 404
100  142 405
101  143 406
102  144 407
103  145 408
104  146 409
105  147 410
106  148 411
107  149 412
108  150 413
109  151 414
110  152 415
111  153 416
112  154 417
113  155 418
114  156 419
115  157 420
116  158 421
117  159 422
118  160 423
119  161 424
120  162 425
121  163 426
122  164 427
123  165 428
124  166 429
125  167 430
126  168 431
127  168 432
128  168 433
129  168 434
130  168 435
131  169 436
132  170 437
133  171 438
134  172 439
135  173 440
136  174 441
137  175 442
138  176 443
139  177 443
140  178 443
141  179 443
142  180 443
143  181 443
144  182 443
145  183 443
146  184 443
147  185 443
148  186 443
149  187 443
150  188 443
151  189 444
152  190 445
153  191 446
154  192 447
155  193 448
156  194 449
157  195 450
158  196 451
159  197 452
160  197 453
161  197 454
162  197 455
163  197 456
164  197 457
165  197 458
166  197 459
167  197 460
168  197 461
169  197 462
170  197 463
171  197 464
172  197 465
173  197 466
174  197 467
175  197 468
176  197 469
177  197 470
178  197 471
179  197 472
180  197 473
181  197 474
182  196 475
183  195 476
184  195 477
185  195 478
186  195 479
187  195 480
188  195 481
189  195 482
190  195 483
191  195 484
192  195 485
193  195 486
194  195 487
195  195 488
196  195 489
197  195 490
198  196 491
199  196 492
200  197 493
201  197 494
202  198 495
203  199 496
204  200 497
205  200 498
206  200 499
207  200 500
208  200 501
209  200 502
210  200 503
211  200 504
212  200 505
213  201 506
214  202 507
215  203 508
216  204 509
217  205 510
218  206 511
219  207 512
220  208 513
221  209 514
222  210 515
223  211 515
224  212 515
225  213 515
226  214 515
227  215 515
228  216 515
229  217 515
230  218 515
231  219 515
232  220 515
233  221 515
234  222 515
235  223 515
236  224 515
237  225 515
238  226 515
239  227 515
240  228 515
241  229 515
242  230 515
243  231 515
244  232 515
245  233 515
246  234 515
247  235 515
248  236 515
249  237 515
250  238 515
251  239 514
252  240 514
253  241 514
254  242 514
255  243 514
256  244 514
257  245 514
258  246 514
259  247 514
260  248 514
261  249 514
262  250 514
263  251 514
264  252 514
265  253 514
266  254 513
267  255 513
268  256 513
269  257 512
270  258 512
271  259 512
272  260 512
273  261 512
274  262 512
275  263 512
276  264 512
277  265 512
278  266 512
279  267 512
280  268 512
281  269 512
282  270 512
283  271 512
284  272 513
285  273 513
286  274 513
287  275 513
288  276 513
289  277 513
290  278 513
291  279 513
292  280 513
293  281 513
294  282 513
295  283 513
296  284 513
297  285 513
298  286 513
299  287 513
300  288 513
301  289 513
302  290 513
303  291 513
304  292 513
305  293 513
306  294 513
307  295 513
308  296 513
309  297 513
310  298 513
311  299 513
312  300 513
313  301 513
314  302 513
315  303 513
316  304 513
317  305 513
318  306 513
319  307 513
320  308 513
321  309 513
322  310 513
323  311 513
324  312 513
325  313 513
326  314 513
327  315 513
328  316 513
329  317 514
330  318 514
331  319 514
332  320 514
333  321 514
334  322 514
335  323 514
336  324 515
337  325 515
338  326 515
339  327 515
340  328 515
341  329 515
342  330 515
343  331 515
344  332 515
345  333 515
346  334 515
347  335 515
348  336 515
349  337 515
350  338 515
351  339 516
352  340 516
353  341 516
354  342 516
355  343 517
356  344 517
357  345 518
358  346 518
359  347 518
360  348 519
361  349 519
362  350 519
363  351 519
364  352 519
365  353 519
366  354 519
367  355 520
368  356 520
369  357 521
370  358 521
371  359 522
372  360 522
373  361 522
374  362 523
375  363 523
376  364 523
377  365 523
378  366 524
379  367 524
380  368 525
381  369 525
382  370 525
383  371 526
384  372 527
385  373 527
386  374 527
387  375 528
388  376 528
389  377 528
390  378 529
391  379 529
392  380 529
393  381 529
394  382 530
395  383 530
396  384 531
397  385 531
398  386 532
399  387 532
400  388 533
401  389 533
402  390 533
403  391 533
404  392 533
405  393 533
406  394 533
407  395 534
408  396 534
409  397 534
410  398 535
411  399 535
412  400 536
413  401 537
414  402 538
415  403 538
416  404 539
417  405 540
418  406 540
419  407 540
420  408 540
421  409 541
422  410 541
423  411 541
424  412 541
425  413 541
426  414 541
427  415 541
428  416 541
429  417 541
430  418 541
431  419 541
432  420 541
433  421 541
434  422 541
435  423 540
436  424 539
437  425 538
438  426 537
439  427 537
440  428 537
441  429 536
442  430 535
443  431 535
444  432 534
445  433 533
446  434 532
447  435 531
448  436 531
449  437 530
450  438 529
451  439 528
452  440 527
453  441 526
454  442 525
455  443 524
456  444 523
457  445 522
458  445 521
459  446 520
460  447 519
461  448 518
462  449 517
463  450 516
464  451 515
465  452 514
466  453 513
467  453 512
468  453 511
469  454 510
470  455 509
471  456 508
472  457 507
473  457 506
474  458 505
475  459 504
476  460 503
477  461 502
478  462 501
479  462 500
480  462 499
481  462 498
482  462 497
483  462 496
484  462 495
485  462 494
486  462 493
487  462 492
488  462 491
489  462 490
490  462 489
491  461 488
492  460 487
493  460 486
494  460 485
495  459 484
496  459 483
497  459 482
498  459 481
499  459 480
500  459 479
501  459 478
502  459 477
503  459 476
504  459 475
505  459 474
506  459 473
507  459 472
508  459 471
509  459 470
510  459 469
511  459 468
512  459 467
513  459 466
514  459 465
515  460 464
516  461 463
517  462 462
518  463 461
519  463 460
520  463 459
521  464 458
522  464 457
523  465 456
524  465 455
525  465 454
526  465 453
527  465 452
528  465 451
529  465 450
530  466 449
531  466 448
532  467 447
533  468 446
534  468 445
535  468 444
536  468 443
537  468 442
538  468 441
539  468 440
540  468 439
541  468 438
542  468 437
543  468 436
544  468 435
545  468 434
546  468 433
547  468 432
548  468 431
549  468 430
550  468 429
551  469 428
552  470 427
553  470 426
554  470 425
555  470 424
556  470 423
557  470 422
558  470 421
559  470 420
560  470 419
561  470 418
562  471 417
563  472 416
564  473 415
565  474 414
566  475 413
567  476 412
568  477 411
569  478 410
570  479 409
571  480 408
572  480 407
573  480 406
574  480 405
575  480 404
576  480 403
577  480 402
578  480 401
579  480 400
580  480 399
581  480 398
582  480 397
583  480 396
584  480 395
585  480 394
586  480 393
587  480 392
588  480 391
589  480 390
590  480 389
591  480 388
592  481 387
593  482 386
594  483 385
595  484 384
596  485 383
597  486 382
598  487 381
599  488 380
600  489 379
601  490 379
602  491 379
603  492 379
604  493 378
605  494 377
606  495 377
607  496 377
608  497 377
609  498 377
610  499 377
611  500 377
612  501 377
613  502 377
614  503 376
615  504 375
616  505 374
617  506 373
618  507 372
619  508 371
620  509 370
621  510 369
622  510 368
623  510 367
624  510 366
625  510 365
626  510 364
627  510 363
628  510 362
629  510 361
630  511 360
631  511 359
632  511 358
633  511 357
634  511 356
635  511 355
636  511 354
637  511 353
638  511 352
639  511 351
640  512 350
641  512 349
642  512 348
643  513 347
644  513 346
645  513 345
646  513 344
647  513 343
648  513 342
649  513 341
650  513 340
651  513 339
652  513 338
653  513 337
654  514 336
655  514 335
656  514 334
657  514 333
658  514 332
659  514 331
660  514 330
661  514 329
662  514 328
663  514 327
664  514 326
665  514 325
666  514 324
667  514 323
668  514 322
669  514 321
670  514 320
671  514 319
672  514 318
673  514 317
674  514 316
675  514 315
676  514 314
677  514 313
678  514 312
679  513 311
680  513 310
681  513 309
682  513 308
683  513 307
684  513 306
685  512 305
686  512 304
687  512 303
688  512 302
689  512 301
690  512 300
691  512 299
692  511 298
693  511 297
694  511 296
695  510 295
696  510 294
697  510 293
698  510 292
699  510 291
700  510 290
701  510 289
702  510 288
703  510 287
704  509 286
705  509 285
706  509 284
707  509 283
708  509 282
709  509 281
710  509 280
711  509 279
712  508 278
713  508 277
714  508 276
715  508 275
716  508 274
717  508 273
718  508 272
719  508 271
720  507 270
721  507 269
722  507 268
723  507 267
724  507 266
725  506 265
726  506 264
727  505 263
728  505 262
729  505 261
730  505 260
731  504 259
732  504 258
733  504 257
734  503 256
735  503 255
736  503 254
737  502 253
738  502 252
739  502 251
740  502 250
741  501 249
742  501 248
743  500 247
744  500 246
745  500 245
746  499 244
747  499 243
748  499 242
749  498 241
750  498 240
751  498 239
752  498 238
753  498 237
754  497 236
755  496 235
756  496 234
757  496 233
758  495 232
759  495 231
760  495 230
761  495 229
762  495 228
763  495 227
764  495 226
765  495 225
766  494 224
767  494 223
768  493 222
769  492 221
770  491 220
771  491 219
772  491 218
773  491 217
774  490 216
775  490 215
776  489 214
777  489 213
778  489 212
779  489 211
780  488 210
781  488 209
782  487 208
783  487 207
784  486 206
785  485 205
786  484 204
787  483 203
788  483 202
789  482 201
790  482 200
791  482 199
792  481 198
793  480 197
794  479 196
795  479 195
796  478 194
797  477 193
798  477 192
799  477 191
800  476 190
801  476 189
802  475 188
803  474 187
804  473 186
805  473 185
806  472 184
807  471 183
808  470 182
809  470 181
810  469 180
811  469 179
812  468 178
813  467 177
814  466 176
815  465 175
816  465 174
817  464 173
818  464 172
819  463 171
820  462 170
821  461 169
822  460 168
823  459 167
824  458 166
825  458 165
826  457 164
827  456 163
828  455 162
829  454 161
830  454 160
831  453 159
832  453 158
833  452 157
834  452 156
835  451 155
836  450 154
837  449 153
838  448 152
839  447 151
840  446 150
841  445 149
842  444 148
843  443 147
844  443 146
845  442 145
846  441 144
847  440 143
848  439 142
849  438 141
850  437 140
851  436 139
852  435 138
853  434 137
854  433 136
855  432 135
856  431 134
857  430 133
858  429 132
859  428 131
860  427 130
861  426 129
862  425 128
863  424 127
864  423 126
865  422 126
866  421 125
867  420 124
868  419 123
869  418 123
870  417 122
871  416 121
872  415 120
873  414 119
874  413 118
875  412 117
876  411 116
877  410 115
878  409 114
879  408 113
880  407 112
881  406 111
882  405 111
883  404 110
884  403 109
885  402 109
886  401 108
887  400 107
888  399 106
889  398 105
890  397 104
891  396 104
892  395 104
893  394 103
894  393 102
895  392 102
896  391 101
897  390 101
898  389 100
899  388 99
900  387 98
901  386 98
902  385 98
903  384 97
904  383 96
905  382 95
906  381 94
907  380 93
908  379 93
909  378 92
910  377 92
911  376 91
912  375 91
913  374 90
914  373 90
915  372 89
916  371 88
917  370 88
918  369 88
919  368 87
920  367 86
921  366 86
922  365 85
923  364 85
924  363 84
925  362 84
926  361 83
927  360 83
928  359 83
929  358 82
930  357 82
931  356 81
932  355 81
933  354 80
934  353 80
935  352 79
936  351 78
937  350 78
938  349 78
939  348 78
940  347 77
941  346 77
942  345 76
943  344 76
944  343 75
945  342 75
946  341 75
947  340 75
948  339 74
949  338 74
950  337 73
951  336 73
952  335 72
953  334 72
954  333 71
955  332 71
956  331 71
957  330 70
958  329 70
959  328 70
960  327 70
961  326 69
962  325 69
963  324 69
964  323 68
965  322 68
966  321 67
967  320 67
968  319 67
969  318 67
970  317 66
971  316 66
972  315 66
973  314 66
974  313 65
975  312 65
976  311 65
977  310 64
978  309 64
979  308 64
980  307 64
981  306 63
982  305 63
983  304 63
984  303 63
985  302 63
986  301 63
987  300 63
988  299 63
989  298 63
990  297 63
991  296 62
992  295 62
993  294 62
994  293 62
995  292 62
996  291 62
997  290 62
998  289 62
999  288 62
1000 287 62
1001 286 62
1002 285 62
1003 284 62
1004 283 62
1005 282 62
1006 281 62
1007 280 62
1008 279 62
1009 278 62
1010 277 62
1011 276 62
1012 275 62
1013 274 62
1014 273 62
1015 272 62
1016 271 62
1017 270 62
1018 269 62
1019 268 62
1020 267 62
1021 266 62
1022 265 62
1023 264 63
1024 263 63
1025 262 63
1026 261 63
1027 260 63
1028 259 64
1029 258 64
1030 257 64
1031 256 64
1032 255 65
1033 254 65
1034 253 65
1035 252 66
1036 251 66
1037 250 66
1038 249 67
1039 248 67
1040 247 67
1041 246 68
1042 245 68
1043 244 68
1044 243 68
1045 242 68
1046 241 69
1047 240 69
1048 239 69
1049 238 70
1050 237 70
1051 236 70
1052 235 70
1053 234 71
1054 233 71
1055 232 71
1056 231 72
1057 230 72
1058 229 72
1059 228 73
1060 227 73
1061 226 74
1062 225 74
1063 224 74
1064 223 75
1065 222 76
1066 221 76
1067 220 76
1068 219 77
1069 218 78
1070 217 78
1071 216 78
1072 215 79
1073 214 79
1074 213 80
1075 212 80
1076 211 81
1077 210 81
1078 209 82
1079 208 83
1080 207 84
1081 206 84
1082 205 85
1083 204 85
1084 203 86
1085 202 86
1086 201 87
1087 200 88
1088 199 89
1089 198 90
1090 197 91
1091 196 92
1092 195 93
1093 194 94
1094 193 94
1095 192 95
1096 191 96
1097 190 97
1098 189 97
1099 188 98
1100 187 99
1101 186 100
1102 185 100
1103 184 101
1104 183 102
1105 182 103
1106 181 104
1107 180 104
1108 179 105
1109 178 106
1110 177 107
1111 176 107
1112 175 108
1113 174 109
1114 173 110
1115 172 111
1116 171 112
1117 170 113
1118 169 114
1119 168 115
1120 167 116
1121 166 117
1122 165 118
1123 164 119
1124 163 120
1125 162 121
1126 161 122
1127 161 123
1128 160 124
1129 160 125
1130 159 126
1131 158 127
1132 157 128
1133 157 129
1134 156 130
1135 156 131
1136 155 132
1137 154 133
1138 153 134
1139 152 135
1140 151 136
1141 150 137
1142 149 138
1143 148 139
1144 147 140
1145 147 141
1146 146 142
1147 146 143
1148 145 144
1149 144 145
1150 144 146
1151 143 147
1152 142 148
1153 142 149
1154 141 150
1155 141 151
1156 140 152
1157 139 153
1158 138 154
1159 137 155
1160 136 156
1161 136 157
1162 135 158
1163 134 159
1164 134 160
1165 134 161
1166 133 162
1167 132 163
1168 131 164
1169 130 165
1170 130 166
1171 130 167
1172 130 168
1173 130 169
1174 129 170
1175 129 171
1176 128 172
1177 127 173
1178 127 174
1179 126 175
1180 126 176
1181 126 177
1182 125 178
1183 125 179
1184 124 180
1185 123 181
1186 122 182
1187 122 183
1188 122 184
1189 121 185
1190 121 186
1191 120 187
1192 119 188
1193 119 189
1194 118 190
1195 117 191
1196 116 192
1197 116 193
1198 116 194
1199 116 195
1200 116 196
1201 115 197
1202 115 198
1203 115 199
1204 114 200
1205 113 201
1206 112 202
1207 112 203
1208 112 204
1209 112 205
1210 112 206
1211 111 207
1212 111 208
1213 111 209
1214 111 210
1215 111 211
1216 110 212
1217 110 213
1218 110 214
1219 110 215
1220 109 216
1221 108 217
1222 107 218
1223 107 219
1224 107 220
1225 106 221
1226 106 222
1227 106 223
1228 106 224
1229 106 225
1230 105 226
1231 105 227
1232 105 228
1233 105 229
1234 104 230
1235 104 231
1236 104 232
1237 103 233
1238 103 234
1239 103 235
1240 102 236
1241 101 237
1242 101 238
1243 101 239
1244 101 240
1245 100 241
1246 99 242
1247 99 243
1248 99 244
1249 99 245
1250 99 246
1251 99 247
1252 98 248
1253 98 249
1254 98 250
1255 98 251
1256 98 252
1257 98 253
1258 98 254
1259 97 255
1260 97 256
1261 97 257
1262 97 258
1263 97 259
1264 97 260
1265 96 261
1266 96 262
1267 96 263
1268 95 264
1269 95 265
1270 95 266
1271 95 267
1272 94 268
1273 94 269
1274 94 270
1275 94 271
1276 94 272
1277 94 273
1278 94 274
1279 94 275
1280 94 276
1281 93 277
1282 93 278
1283 93 279
1284 93 280
1285 93 281
1286 93 282
1287 92 283
1288 92 284
1289 92 285
1290 92 286
1291 92 287
1292 91 288
1293 91 289
1294 91 290
1295 91 291
1296 91 292
1297 91 293
1298 91 294
1299 91 295
1300 90 296
1301 90 297
1302 90 298
1303 90 299
1304 89 300
1305 89 301
1306 89 302
1307 89 303
1308 89 304
1309 89 305
1310 89 306
1311 89 307
1312 89 308
1313 89 309
1314 89 310
1315 89 311
1316 89 312
1317 89 313
1318 89 314
1319 89 315
1320 89 316
1321 89 317
1322 89 318
1323 89 319
1324 89 320
1325 89 321
1326 89 322
