name   x   y
1    90 364
2    90 365
3    90 366
4    90 367
5    90 368
6    90 369
7    90 370
8    90 371
9    90 372
10   90 373
11   90 374
12   90 375
13   90 376
14   90 377
15   90 378
16   90 379
17   90 380
18   91 381
19   91 382
20   91 383
21   91 384
22   91 385
23   91 386
24   91 387
25   91 388
26   91 389
27   91 390
28   91 391
29   92 392
30   92 393
31   92 394
32   93 395
33   93 396
34   94 397
35   94 398
36   95 399
37   95 400
38   96 401
39   96 402
40   96 403
41   96 404
42   97 405
43   97 406
44   98 407
45   99 408
46   99 409
47   99 410
48   100 411
49   101 412
50   102 413
51   102 414
52   103 415
53   103 416
54   104 417
55   104 418
56   105 419
57   105 420
58   106 421
59   106 422
60   106 423
61   106 424
62   106 425
63   106 426
64   107 427
65   108 428
66   109 429
67   110 430
68   110 431
69   110 432
70   110 433
71   111 434
72   112 435
73   113 436
74   114 437
75   114 438
76   114 439
77   114 440
78   115 441
79   116 442
80   116 443
81   116 444
82   116 445
83   117 446
84   117 447
85   118 448
86   119 449
87   120 450
88   121 451
89   122 452
90   123 453
91   124 454
92   125 455
93   126 456
94   126 457
95   126 458
96   126 459
97   126 460
98   127 461
99   127 462
100  128 463
101  128 464
102  129 465
103  129 466
104  129 467
105  130 468
106  130 469
107  131 470
108  132 471
109  132 472
110  132 473
111  132 474
112  133 475
113  134 476
114  134 477
115  135 478
116  136 479
117  137 480
118  138 481
119  139 482
120  140 483
121  140 484
122  140 485
123  141 486
124  142 487
125  142 488
126  143 489
127  144 490
128  144 491
129  144 492
130  145 493
131  146 494
132  147 495
133  148 496
134  149 497
135  150 498
136  150 499
137  150 500
138  151 501
139  151 502
140  151 503
141  152 504
142  153 505
143  154 506
144  155 507
145  156 508
146  157 509
147  158 510
148  159 511
149  160 512
150  161 513
151  162 514
152  163 515
153  164 516
154  165 517
155  166 518
156  167 519
157  168 520
158  169 521
159  170 522
160  171 523
161  172 524
162  173 524
163  174 525
164  175 526
165  176 527
166  177 527
167  178 528
168  179 529
169  180 530
170  181 530
171  182 530
172  183 531
173  184 532
174  185 533
175  186 534
176  187 535
177  188 536
178  189 537
179  190 538
180  191 539
181  192 540
182  193 541
183  194 542
184  195 543
185  196 544
186  197 545
187  198 545
188  199 546
189  200 546
190  201 546
191  202 547
192  203 547
193  204 547
194  205 547
195  206 547
196  207 547
197  208 547
198  209 547
199  210 547
200  211 547
201  212 547
202  213 547
203  214 547
204  215 547
205  216 547
206  217 546
207  218 545
208  219 545
209  220 544
210  221 543
211  222 542
212  223 542
213  224 541
214  225 540
215  226 539
216  227 538
217  228 537
218  229 536
219  230 535
220  231 534
221  232 533
222  233 532
223  234 531
224  235 530
225  236 529
226  237 528
227  238 527
228  239 526
229  240 526
230  241 525
231  242 524
232  243 523
233  244 523
234  245 522
235  246 522
236  247 521
237  248 520
238  249 520
239  250 519
240  251 519
241  252 518
242  253 517
243  254 517
244  255 516
245  256 515
246  257 515
247  258 514
248  259 514
249  260 513
250  261 512
251  262 512
252  263 511
253  264 511
254  265 510
255  266 510
256  267 510
257  268 509
258  269 509
259  270 508
260  271 507
261  272 507
262  273 507
263  274 506
264  275 506
265  276 505
266  277 505
267  278 504
268  279 504
269  280 504
270  281 503
271  282 502
272  283 502
273  284 501
274  285 501
275  286 500
276  287 500
277  288 499
278  289 499
279  290 499
280  291 499
281  292 498
282  293 498
283  294 498
284  295 498
285  296 497
286  297 497
287  298 497
288  299 496
289  300 496
290  301 496
291  302 496
292  303 495
293  304 495
294  305 494
295  306 494
296  307 494
297  308 494
298  309 493
299  310 493
300  311 493
301  312 492
302  313 492
303  314 492
304  315 492
305  316 492
306  317 492
307  318 491
308  319 491
309  320 491
310  321 491
311  322 491
312  323 491
313  324 490
314  325 490
315  326 490
316  327 490
317  328 490
318  329 490
319  330 489
320  331 489
321  332 489
322  333 489
323  334 489
324  335 488
325  336 488
326  337 488
327  338 488
328  339 488
329  340 488
330  341 488
331  342 488
332  343 488
333  344 488
334  345 488
335  346 487
336  347 487
337  348 487
338  349 486
339  350 486
340  351 486
341  352 486
342  353 486
343  354 486
344  355 486
345  356 486
346  357 486
347  358 485
348  359 485
349  360 485
350  361 485
351  362 485
352  363 484
353  364 484
354  365 484
355  366 484
356  367 484
357  368 484
358  369 483
359  370 483
360  371 483
361  372 482
362  373 482
363  374 482
364  375 482
365  376 482
366  377 482
367  378 482
368  379 481
369  380 481
370  381 481
371  382 481
372  383 481
373  384 481
374  385 481
375  386 481
376  387 481
377  388 481
378  389 481
379  390 481
380  391 481
381  392 481
382  393 481
383  394 481
384  395 481
385  396 481
386  397 481
387  398 481
388  399 481
389  400 481
390  401 481
391  402 481
392  403 481
393  404 481
394  405 481
395  406 481
396  407 481
397  408 482
398  409 482
399  410 482
400  411 482
401  412 482
402  413 482
403  414 483
404  415 483
405  416 483
406  417 484
407  418 484
408  419 484
409  420 485
410  421 485
411  422 485
412  423 485
413  424 485
414  425 486
415  426 486
416  427 486
417  428 486
418  429 486
419  430 486
420  431 486
421  432 486
422  433 486
423  434 486
424  435 486
425  436 486
426  437 486
427  438 486
428  439 486
429  440 486
430  441 487
431  442 487
432  443 487
433  444 488
434  445 488
435  446 488
436  447 488
437  448 489
438  449 489
439  450 489
440  451 489
441  452 490
442  453 490
443  454 490
444  455 490
445  456 490
446  457 491
447  458 491
448  459 491
449  460 492
450  461 492
451  462 492
452  463 492
453  464 492
454  465 492
455  466 492
456  467 492
457  468 492
458  469 492
459  470 492
460  471 492
461  472 492
462  473 492
463  474 491
464  475 490
465  476 489
466  477 488
467  478 488
468  479 487
469  480 486
470  481 485
471  482 484
472  483 483
473  484 482
474  485 481
475  486 480
476  487 479
477  488 478
478  489 477
479  490 476
480  491 475
481  491 474
482  492 473
483  492 472
484  493 471
485  493 470
486  494 469
487  494 468
488  495 467
489  495 466
490  495 465
491  496 464
492  496 463
493  497 462
494  497 461
495  498 460
496  498 459
497  499 458
498  499 457
499  500 456
500  500 455
501  501 454
502  501 453
503  501 452
504  502 451
505  502 450
506  502 449
507  503 448
508  503 447
509  503 446
510  503 445
511  504 444
512  504 443
513  504 442
514  504 441
515  504 440
516  505 439
517  505 438
518  505 437
519  505 436
520  505 435
521  505 434
522  505 433
523  506 432
524  506 431
525  506 430
526  506 429
527  506 428
528  506 427
529  506 426
530  506 425
531  506 424
532  506 423
533  507 422
534  507 421
535  507 420
536  507 419
537  507 418
538  508 417
539  508 416
540  508 415
541  508 414
542  508 413
543  508 412
544  509 411
545  509 410
546  509 409
547  509 408
548  509 407
549  509 406
550  509 405
551  509 404
552  509 403
553  509 402
554  509 401
555  509 400
556  509 399
557  509 398
558  509 397
559  509 396
560  509 395
561  509 394
562  510 393
563  510 392
564  510 391
565  510 390
566  510 389
567  510 388
568  510 387
569  510 386
570  510 385
571  510 384
572  510 383
573  511 382
574  511 381
575  511 380
576  511 379
577  511 378
578  511 377
579  511 376
580  512 375
581  512 374
582  512 373
583  512 372
584  512 371
585  512 370
586  512 369
587  512 368
588  512 367
589  512 366
590  512 365
591  512 364
592  512 363
593  512 362
594  512 361
595  512 360
596  512 359
597  512 358
598  512 357
599  512 356
600  512 355
601  512 354
602  512 353
603  512 352
604  512 351
605  512 350
606  512 349
607  512 348
608  512 347
609  512 346
610  512 345
611  512 344
612  512 343
613  512 342
614  512 341
615  512 340
616  512 339
617  512 338
618  512 337
619  512 336
620  512 335
621  512 334
622  512 333
623  512 332
624  512 331
625  511 330
626  511 329
627  511 328
628  511 327
629  511 326
630  511 325
631  511 324
632  511 323
633  511 322
634  511 321
635  511 320
636  511 319
637  511 318
638  511 317
639  511 316
640  511 315
641  511 314
642  511 313
643  511 312
644  511 311
645  510 310
646  510 309
647  509 308
648  509 307
649  509 306
650  509 305
651  509 304
652  509 303
653  509 302
654  509 301
655  508 300
656  508 299
657  508 298
658  508 297
659  508 296
660  508 295
661  508 294
662  508 293
663  508 292
664  508 291
665  507 290
666  507 289
667  507 288
668  507 287
669  507 286
670  507 285
671  506 284
672  506 283
673  506 282
674  506 281
675  506 280
676  505 279
677  505 278
678  505 277
679  505 276
680  505 275
681  505 274
682  504 273
683  504 272
684  504 271
685  504 270
686  503 269
687  503 268
688  503 267
689  502 266
690  502 265
691  502 264
692  502 263
693  501 262
694  501 261
695  501 260
696  500 259
697  500 258
698  500 257
699  499 256
700  499 255
701  499 254
702  498 253
703  498 252
704  497 251
705  497 250
706  497 249
707  496 248
708  496 247
709  496 246
710  495 245
711  495 244
712  494 243
713  494 242
714  494 241
715  493 240
716  493 239
717  493 238
718  492 237
719  492 236
720  491 235
721  491 234
722  490 233
723  490 232
724  489 231
725  489 230
726  489 229
727  489 228
728  489 227
729  489 226
730  488 225
731  488 224
732  487 223
733  486 222
734  485 221
735  485 220
736  484 219
737  484 218
738  483 217
739  483 216
740  482 215
741  482 214
742  482 213
743  481 212
744  481 211
745  481 210
746  480 209
747  479 208
748  478 207
749  478 206
750  477 205
751  477 204
752  477 203
753  476 202
754  476 201
755  475 200
756  474 199
757  473 198
758  473 197
759  472 196
760  472 195
761  471 194
762  471 193
763  471 192
764  470 191
765  469 190
766  468 189
767  468 188
768  467 187
769  467 186
770  467 185
771  466 184
772  465 183
773  464 182
774  463 181
775  463 180
776  463 179
777  462 178
778  462 177
779  462 176
780  462 175
781  462 174
782  462 173
783  461 172
784  460 171
785  459 170
786  458 169
787  457 168
788  456 167
789  455 166
790  455 165
791  454 164
792  454 163
793  453 162
794  452 161
795  451 160
796  450 159
797  450 158
798  449 157
799  449 156
800  448 155
801  447 154
802  446 153
803  445 152
804  444 151
805  443 150
806  442 149
807  441 148
808  440 147
809  439 146
810  438 145
811  437 144
812  436 143
813  435 142
814  434 141
815  433 140
816  432 139
817  431 138
818  430 137
819  429 136
820  428 135
821  427 134
822  426 133
823  425 132
824  425 131
825  425 130
826  424 129
827  423 128
828  422 127
829  421 126
830  420 125
831  419 124
832  418 123
833  417 122
834  416 121
835  415 120
836  414 119
837  413 119
838  412 119
839  411 118
840  410 117
841  409 116
842  408 115
843  407 114
844  406 113
845  405 112
846  404 111
847  403 110
848  402 109
849  401 108
850  401 107
851  400 106
852  399 105
853  398 104
854  397 103
855  396 102
856  395 101
857  394 100
858  393 99
859  392 98
860  391 97
861  390 96
862  389 95
863  388 94
864  387 93
865  386 92
866  385 91
867  384 90
868  384 89
869  384 88
870  383 87
871  382 86
872  381 85
873  380 84
874  379 83
875  378 82
876  377 81
877  376 80
878  375 79
879  374 78
880  373 77
881  372 77
882  371 76
883  370 75
884  369 74
885  368 73
886  367 72
887  366 72
888  365 71
889  364 71
890  363 70
891  362 70
892  361 70
893  360 70
894  359 70
895  358 70
896  357 70
897  356 70
898  355 70
899  354 70
900  353 70
901  352 69
902  351 68
903  350 67
904  349 66
905  348 65
906  347 64
907  346 63
908  345 63
909  344 63
910  343 63
911  342 63
912  341 62
913  340 61
914  339 61
915  338 61
916  337 60
917  336 60
918  335 60
919  334 60
920  333 60
921  332 60
922  331 60
923  330 59
924  329 59
925  328 59
926  327 59
927  326 59
928  325 58
929  324 58
930  323 58
931  322 58
932  321 58
933  320 58
934  319 58
935  318 58
936  317 58
937  316 58
938  315 58
939  314 58
940  313 58
941  312 57
942  311 57
943  310 57
944  309 56
945  308 56
946  307 56
947  306 56
948  305 56
949  304 56
950  303 56
951  302 56
952  301 56
953  300 56
954  299 56
955  298 56
956  297 56
957  296 56
958  295 56
959  294 56
960  293 56
961  292 56
962  291 56
963  290 56
964  289 56
965  288 56
966  287 56
967  286 56
968  285 56
969  284 56
970  283 56
971  282 56
972  281 56
973  280 56
974  279 56
975  278 56
976  277 56
977  276 57
978  275 57
979  274 57
980  273 57
981  272 57
982  271 57
983  270 57
984  269 57
985  268 57
986  267 57
987  266 58
988  265 58
989  264 58
990  263 58
991  262 59
992  261 59
993  260 59
994  259 60
995  258 60
996  257 60
997  256 60
998  255 60
999  254 60
1000 253 60
1001 252 60
1002 251 60
1003 250 61
1004 249 61
1005 248 61
1006 247 61
1007 246 62
1008 245 62
1009 244 62
1010 243 63
1011 242 63
1012 241 64
1013 240 64
1014 239 64
1015 238 64
1016 237 65
1017 236 65
1018 235 65
1019 234 66
1020 233 66
1021 232 67
1022 231 67
1023 230 68
1024 229 68
1025 228 68
1026 227 68
1027 226 69
1028 225 69
1029 224 69
1030 223 70
1031 222 71
1032 221 71
1033 220 72
1034 219 72
1035 218 73
1036 217 73
1037 216 73
1038 215 74
1039 214 74
1040 213 75
1041 212 75
1042 211 76
1043 210 76
1044 209 77
1045 208 77
1046 207 78
1047 206 79
1048 205 79
1049 204 79
1050 203 80
1051 202 80
1052 201 81
1053 200 82
1054 199 83
1055 198 83
1056 197 84
1057 196 85
1058 195 86
1059 194 87
1060 193 87
1061 192 88
1062 191 89
1063 190 90
1064 189 90
1065 188 91
1066 187 92
1067 186 93
1068 185 93
1069 184 94
1070 183 95
1071 182 96
1072 181 97
1073 180 98
1074 179 99
1075 178 100
1076 177 101
1077 176 102
1078 175 103
1079 174 104
1080 173 105
1081 172 106
1082 171 107
1083 170 108
1084 169 109
1085 168 110
1086 167 111
1087 166 112
1088 165 113
1089 164 114
1090 163 115
1091 162 116
1092 161 117
1093 160 118
1094 159 119
1095 158 120
1096 158 121
1097 158 122
1098 158 123
1099 158 124
1100 158 125
1101 158 126
1102 158 127
1103 158 128
1104 158 129
1105 158 130
1106 157 131
1107 157 132
1108 157 133
1109 156 134
1110 155 135
1111 155 136
1112 154 137
1113 154 138
1114 154 139
1115 153 140
1116 152 141
1117 152 142
1118 152 143
1119 152 144
1120 151 145
1121 151 146
1122 150 147
1123 149 148
1124 148 149
1125 148 150
1126 147 151
1127 147 152
1128 147 153
1129 147 154
1130 147 155
1131 147 156
1132 146 157
1133 146 158
1134 146 159
1135 146 160
1136 145 161
1137 144 162
1138 143 163
1139 143 164
1140 142 165
1141 141 166
1142 141 167
1143 140 168
1144 140 169
1145 140 170
1146 140 171
1147 140 172
1148 140 173
1149 140 174
1150 140 175
1151 140 176
1152 140 177
1153 140 178
1154 140 179
1155 139 180
1156 139 181
1157 138 182
1158 137 183
1159 136 184
1160 135 185
1161 135 186
1162 135 187
1163 135 188
1164 134 189
1165 134 190
1166 134 191
1167 133 192
1168 132 193
1169 131 194
1170 131 195
1171 130 196
1172 130 197
1173 130 198
1174 129 199
1175 129 200
1176 129 201
1177 128 202
1178 127 203
1179 126 204
1180 125 205
1181 124 206
1182 123 207
1183 122 208
1184 121 209
1185 120 210
1186 119 211
1187 118 212
1188 117 213
1189 116 214
1190 115 215
1191 114 216
1192 113 217
1193 112 218
1194 111 219
1195 110 220
1196 110 221
1197 109 222
1198 109 223
1199 109 224
1200 109 225
1201 109 226
1202 108 227
1203 108 228
1204 108 229
1205 108 230
1206 108 231
1207 108 232
1208 108 233
1209 107 234
1210 106 235
1211 106 236
1212 105 237
1213 105 238
1214 105 239
1215 104 240
1216 104 241
1217 104 242
1218 104 243
1219 104 244
1220 104 245
1221 104 246
1222 104 247
1223 104 248
1224 104 249
1225 103 250
1226 102 251
1227 102 252
1228 102 253
1229 102 254
1230 101 255
1231 101 256
1232 100 257
1233 100 258
1234 100 259
1235 100 260
1236 100 261
1237 100 262
1238 99 263
1239 98 264
1240 98 265
1241 98 266
1242 98 267
1243 98 268
1244 98 269
1245 98 270
1246 98 271
1247 98 272
1248 98 273
1249 98 274
1250 98 275
1251 98 276
1252 98 277
1253 97 278
1254 96 279
1255 96 280
1256 96 281
1257 96 282
1258 95 283
1259 94 284
1260 94 285
1261 94 286
1262 94 287
1263 94 288
1264 94 289
1265 94 290
1266 94 291
1267 94 292
1268 94 293
1269 93 294
1270 93 295
1271 93 296
1272 93 297
1273 93 298
1274 93 299
1275 93 300
1276 93 301
1277 93 302
1278 93 303
1279 93 304
1280 93 305
1281 93 306
1282 93 307
1283 93 308
1284 93 309
1285 93 310
1286 92 311
1287 92 312
1288 91 313
1289 91 314
1290 91 315
1291 91 316
1292 91 317
1293 91 318
1294 91 319
1295 91 320
1296 91 321
1297 91 322
1298 91 323
1299 91 324
1300 91 325
1301 91 326
1302 91 327
1303 91 328
1304 91 329
1305 91 330
1306 91 331
1307 91 332
1308 91 333
1309 91 334
1310 91 335
1311 91 336
1312 91 337
1313 91 338
1314 91 339
1315 91 340
1316 91 341
1317 91 342
1318 92 343
1319 93 344
1320 93 345
1321 93 346
1322 93 347
1323 93 348
1324 93 349
1325 93 350
1326 93 351
1327 93 352
1328 93 353
1329 93 354
1330 93 355
1331 93 356
1332 93 357
1333 93 358
1334 92 359
1335 91 360
1336 91 361
1337 91 362
1338 91 363
