name   x   y
1    89 311
2    89 312
3    89 313
4    89 314
5    89 315
6    89 316
7    89 317
8    89 318
9    89 319
10   89 320
11   89 321
12   89 322
13   89 323
14   89 324
15   89 325
16   89 326
17   89 327
18   89 328
19   89 329
20   89 330
21   90 331
22   90 332
23   90 333
24   90 334
25   90 335
26   90 336
27   90 337
28   91 338
29   91 339
30   91 340
31   91 341
32   91 342
33   91 343
34   91 344
35   91 345
36   91 346
37   91 347
38   91 348
39   91 349
40   91 350
41   91 351
42   91 352
43   91 353
44   91 354
45   91 355
46   91 356
47   91 357
48   91 358
49   91 359
50   91 360
51   91 361
52   91 362
53   91 363
54   91 364
55   92 365
56   92 366
57   92 367
58   93 368
59   93 369
60   93 370
61   93 371
62   93 372
63   94 373
64   94 374
65   94 375
66   94 376
67   94 377
68   95 378
69   95 379
70   95 380
71   95 381
72   96 382
73   96 383
74   96 384
75   96 385
76   96 386
77   97 387
78   97 388
79   98 389
80   98 390
81   98 391
82   98 392
83   98 393
84   98 394
85   98 395
86   99 396
87   99 397
88   99 398
89   100 399
90   100 400
91   101 401
92   101 402
93   102 403
94   102 404
95   102 405
96   103 406
97   103 407
98   103 408
99   103 409
100  103 410
101  104 411
102  104 412
103  104 413
104  104 414
105  105 415
106  105 416
107  105 417
108  106 418
109  106 419
110  107 420
111  107 421
112  107 422
113  108 423
114  108 424
115  109 425
116  109 426
117  109 427
118  110 428
119  110 429
120  110 430
121  111 431
122  111 432
123  111 433
124  112 434
125  112 435
126  112 436
127  113 437
128  113 438
129  114 439
130  114 440
131  115 441
132  115 442
133  115 443
134  116 444
135  116 445
136  117 446
137  117 447
138  118 448
139  118 449
140  118 450
141  119 451
142  119 452
143  120 453
144  120 454
145  120 455
146  121 456
147  121 457
148  122 458
149  123 459
150  123 460
151  123 461
152  124 462
153  125 463
154  125 464
155  125 465
156  126 466
157  127 467
158  127 468
159  128 469
160  128 470
161  129 471
162  129 472
163  130 473
164  131 474
165  131 475
166  132 476
167  133 477
168  133 478
169  134 479
170  134 480
171  135 481
172  135 482
173  135 483
174  136 484
175  136 485
176  137 486
177  138 487
178  138 488
179  139 489
180  139 490
181  140 491
182  141 492
183  142 493
184  142 494
185  143 495
186  143 496
187  144 497
188  145 498
189  146 499
190  147 500
191  147 501
192  148 502
193  149 503
194  150 504
195  151 505
196  152 506
197  152 507
198  153 508
199  154 509
200  155 510
201  156 511
202  157 512
203  158 513
204  159 514
205  160 515
206  161 516
207  162 517
208  163 518
209  164 519
210  165 520
211  166 521
212  167 521
213  168 522
214  169 523
215  170 524
216  171 525
217  172 526
218  173 527
219  174 528
220  175 529
221  176 529
222  177 530
223  178 531
224  179 532
225  180 532
226  181 533
227  182 534
228  183 534
229  184 535
230  185 536
231  186 536
232  187 537
233  188 538
234  189 539
235  190 539
236  191 540
237  192 541
238  193 542
239  194 542
240  195 542
241  196 542
242  197 542
243  198 542
244  199 542
245  200 542
246  201 542
247  202 542
248  203 542
249  204 542
250  205 542
251  206 542
252  207 542
253  208 542
254  209 542
255  210 541
256  211 541
257  212 540
258  213 540
259  214 539
260  215 539
261  216 539
262  217 538
263  218 538
264  219 537
265  220 537
266  221 536
267  222 535
268  223 534
269  224 534
270  225 534
271  226 534
272  227 533
273  228 533
274  229 533
275  230 533
276  231 533
277  232 532
278  233 532
279  234 532
280  235 531
281  236 530
282  237 530
283  238 530
284  239 529
285  240 528
286  241 528
287  242 528
288  243 528
289  244 527
290  245 527
291  246 526
292  247 526
293  248 525
294  249 525
295  250 524
296  251 524
297  252 524
298  253 524
299  254 524
300  255 523
301  256 522
302  257 522
303  258 522
304  259 522
305  260 521
306  261 521
307  262 520
308  263 520
309  264 520
310  265 520
311  266 520
312  267 520
313  268 520
314  269 520
315  270 520
316  271 520
317  272 520
318  273 520
319  274 520
320  275 520
321  276 520
322  277 520
323  278 520
324  279 520
325  280 520
326  281 519
327  282 518
328  283 518
329  284 518
330  285 518
331  286 518
332  287 518
333  288 518
334  289 518
335  290 517
336  291 517
337  292 517
338  293 517
339  294 517
340  295 517
341  296 517
342  297 517
343  298 517
344  299 517
345  300 517
346  301 517
347  302 517
348  303 517
349  304 517
350  305 517
351  306 517
352  307 517
353  308 517
354  309 517
355  310 517
356  311 517
357  312 517
358  313 517
359  314 517
360  315 517
361  316 517
362  317 516
363  318 516
364  319 516
365  320 516
366  321 516
367  322 516
368  323 516
369  324 515
370  325 515
371  326 515
372  327 515
373  328 515
374  329 515
375  330 514
376  331 514
377  332 514
378  333 513
379  334 513
380  335 513
381  336 513
382  337 512
383  338 512
384  339 512
385  340 511
386  341 511
387  342 511
388  343 511
389  344 511
390  345 511
391  346 511
392  347 511
393  348 511
394  349 511
395  350 510
396  351 510
397  352 510
398  353 510
399  354 510
400  355 510
401  356 510
402  357 510
403  358 510
404  359 510
405  360 510
406  361 510
407  362 510
408  363 510
409  364 510
410  365 510
411  366 510
412  367 510
413  368 510
414  369 510
415  370 510
416  371 510
417  372 510
418  373 511
419  374 511
420  375 511
421  376 511
422  377 511
423  378 511
424  379 512
425  380 512
426  381 512
427  382 513
428  383 513
429  384 513
430  385 514
431  386 514
432  387 514
433  388 514
434  389 515
435  390 515
436  391 515
437  392 515
438  393 516
439  394 516
440  395 516
441  396 516
442  397 517
443  398 517
444  399 517
445  400 517
446  401 518
447  402 518
448  403 518
449  404 518
450  405 518
451  406 518
452  407 519
453  408 519
454  409 519
455  410 519
456  411 519
457  412 519
458  413 519
459  414 519
460  415 519
461  416 519
462  417 519
463  418 519
464  419 519
465  420 519
466  421 519
467  422 519
468  423 519
469  424 519
470  425 519
471  426 519
472  427 518
473  428 518
474  429 518
475  430 517
476  431 517
477  432 516
478  433 516
479  434 515
480  435 515
481  436 514
482  437 513
483  438 512
484  439 512
485  440 511
486  441 510
487  442 509
488  443 508
489  444 507
490  445 506
491  446 505
492  447 504
493  448 503
494  449 502
495  450 501
496  451 500
497  452 499
498  453 498
499  454 497
500  455 496
501  455 495
502  456 494
503  457 493
504  458 492
505  459 491
506  460 490
507  461 489
508  462 488
509  462 487
510  463 486
511  464 485
512  465 484
513  465 483
514  466 482
515  466 481
516  467 480
517  468 479
518  468 478
519  469 477
520  469 476
521  470 475
522  470 474
523  471 473
524  472 472
525  472 471
526  472 470
527  473 469
528  474 468
529  474 467
530  474 466
531  475 465
532  476 464
533  476 463
534  476 462
535  477 461
536  477 460
537  478 459
538  478 458
539  479 457
540  479 456
541  479 455
542  480 454
543  480 453
544  481 452
545  481 451
546  481 450
547  482 449
548  483 448
549  484 447
550  484 446
551  485 445
552  485 444
553  485 443
554  485 442
555  485 441
556  486 440
557  487 439
558  487 438
559  488 437
560  488 436
561  488 435
562  489 434
563  489 433
564  489 432
565  489 431
566  489 430
567  489 429
568  490 428
569  491 427
570  492 426
571  493 425
572  494 424
573  495 423
574  496 422
575  497 421
576  498 420
577  499 419
578  500 418
579  501 417
580  501 416
581  501 415
582  501 414
583  501 413
584  501 412
585  501 411
586  501 410
587  501 409
588  501 408
589  501 407
590  501 406
591  501 405
592  501 404
593  501 403
594  501 402
595  501 401
596  502 400
597  502 399
598  503 398
599  503 397
600  503 396
601  503 395
602  503 394
603  503 393
604  503 392
605  503 391
606  503 390
607  504 389
608  505 388
609  505 387
610  506 386
611  506 385
612  506 384
613  506 383
614  506 382
615  506 381
616  506 380
617  506 379
618  506 378
619  506 377
620  506 376
621  506 375
622  506 374
623  507 373
624  507 372
625  507 371
626  507 370
627  507 369
628  507 368
629  507 367
630  507 366
631  507 365
632  507 364
633  507 363
634  508 362
635  508 361
636  508 360
637  508 359
638  508 358
639  508 357
640  508 356
641  508 355
642  508 354
643  508 353
644  509 352
645  510 351
646  510 350
647  510 349
648  510 348
649  510 347
650  510 346
651  510 345
652  510 344
653  510 343
654  510 342
655  510 341
656  510 340
657  510 339
658  510 338
659  510 337
660  511 336
661  512 335
662  513 334
663  514 333
664  514 332
665  514 331
666  514 330
667  514 329
668  514 328
669  514 327
670  514 326
671  514 325
672  514 324
673  514 323
674  514 322
675  514 321
676  514 320
677  514 319
678  514 318
679  514 317
680  513 316
681  513 315
682  512 314
683  512 313
684  511 312
685  510 311
686  510 310
687  509 309
688  509 308
689  508 307
690  507 306
691  506 305
692  505 304
693  504 303
694  503 302
695  502 301
696  501 300
697  500 299
698  499 298
699  498 297
700  497 296
701  496 295
702  495 294
703  495 293
704  495 292
705  495 291
706  495 290
707  495 289
708  495 288
709  495 287
710  495 286
711  495 285
712  495 284
713  495 283
714  495 282
715  495 281
716  495 280
717  495 279
718  495 278
719  495 277
720  495 276
721  495 275
722  495 274
723  495 273
724  495 272
725  495 271
726  495 270
727  495 269
728  495 268
729  495 267
730  495 266
731  495 265
732  494 264
733  494 263
734  494 262
735  494 261
736  493 260
737  493 259
738  492 258
739  492 257
740  492 256
741  492 255
742  491 254
743  491 253
744  491 252
745  491 251
746  490 250
747  490 249
748  489 248
749  489 247
750  489 246
751  489 245
752  488 244
753  488 243
754  488 242
755  487 241
756  487 240
757  487 239
758  486 238
759  486 237
760  486 236
761  485 235
762  485 234
763  485 233
764  484 232
765  484 231
766  483 230
767  483 229
768  482 228
769  482 227
770  481 226
771  481 225
772  481 224
773  480 223
774  480 222
775  479 221
776  479 220
777  479 219
778  478 218
779  478 217
780  477 216
781  477 215
782  477 214
783  476 213
784  476 212
785  475 211
786  475 210
787  474 209
788  474 208
789  473 207
790  473 206
791  472 205
792  472 204
793  471 203
794  471 202
795  470 201
796  469 200
797  469 199
798  468 198
799  468 197
800  467 196
801  467 195
802  466 194
803  466 193
804  465 192
805  465 191
806  465 190
807  464 189
808  464 188
809  463 187
810  463 186
811  462 185
812  462 184
813  461 183
814  461 182
815  460 181
816  460 180
817  459 179
818  458 178
819  458 177
820  457 176
821  457 175
822  456 174
823  456 173
824  455 172
825  455 171
826  454 170
827  453 169
828  453 168
829  452 167
830  452 166
831  451 165
832  450 164
833  449 163
834  448 162
835  448 161
836  447 160
837  446 159
838  445 158
839  444 157
840  444 156
841  443 155
842  442 154
843  442 153
844  441 152
845  440 151
846  439 150
847  438 149
848  437 148
849  436 147
850  436 146
851  435 145
852  435 144
853  434 143
854  433 142
855  432 141
856  431 140
857  430 139
858  429 138
859  428 137
860  427 136
861  426 135
862  425 134
863  425 133
864  424 132
865  423 131
866  423 130
867  422 129
868  421 128
869  420 127
870  419 126
871  418 125
872  417 124
873  416 123
874  415 122
875  414 121
876  413 120
877  412 119
878  411 118
879  410 117
880  409 116
881  408 115
882  407 114
883  406 113
884  405 112
885  404 111
886  403 110
887  402 109
888  401 108
889  400 107
890  399 106
891  398 105
892  397 104
893  396 103
894  395 103
895  394 102
896  393 101
897  392 100
898  391 99
899  390 98
900  389 97
901  388 96
902  387 96
903  386 95
904  385 94
905  384 93
906  383 92
907  382 92
908  381 91
909  380 90
910  379 90
911  378 89
912  377 88
913  376 88
914  375 87
915  374 87
916  373 86
917  372 85
918  371 85
919  370 84
920  369 84
921  368 83
922  367 83
923  366 82
924  365 82
925  364 81
926  363 81
927  362 80
928  361 79
929  360 79
930  359 78
931  358 78
932  357 78
933  356 77
934  355 77
935  354 76
936  353 76
937  352 76
938  351 75
939  350 75
940  349 75
941  348 74
942  347 74
943  346 74
944  345 73
945  344 73
946  343 73
947  342 72
948  341 72
949  340 71
950  339 71
951  338 71
952  337 70
953  336 70
954  335 70
955  334 69
956  333 69
957  332 69
958  331 68
959  330 68
960  329 67
961  328 67
962  327 66
963  326 66
964  325 65
965  324 65
966  323 64
967  322 64
968  321 63
969  320 62
970  319 61
971  318 61
972  317 61
973  316 61
974  315 61
975  314 61
976  313 61
977  312 61
978  311 61
979  310 61
980  309 61
981  308 61
982  307 61
983  306 61
984  305 61
985  304 61
986  303 61
987  302 61
988  301 61
989  300 61
990  299 61
991  298 61
992  297 61
993  296 61
994  295 61
995  294 61
996  293 61
997  292 61
998  291 61
999  290 61
1000 289 61
1001 288 61
1002 287 61
1003 286 61
1004 285 61
1005 284 61
1006 283 61
1007 282 61
1008 281 61
1009 280 61
1010 279 61
1011 278 61
1012 277 61
1013 276 62
1014 275 62
1015 274 62
1016 273 62
1017 272 62
1018 271 62
1019 270 62
1020 269 62
1021 268 62
1022 267 62
1023 266 62
1024 265 62
1025 264 62
1026 263 62
1027 262 62
1028 261 63
1029 260 64
1030 259 64
1031 258 64
1032 257 65
1033 256 65
1034 255 65
1035 254 65
1036 253 65
1037 252 65
1038 251 65
1039 250 65
1040 249 65
1041 248 65
1042 247 65
1043 246 65
1044 245 66
1045 244 67
1046 243 67
1047 242 68
1048 241 68
1049 240 68
1050 239 69
1051 238 70
1052 237 70
1053 236 71
1054 235 71
1055 234 71
1056 233 71
1057 232 72
1058 231 72
1059 230 72
1060 229 72
1061 228 72
1062 227 72
1063 226 72
1064 225 73
1065 224 74
1066 223 74
1067 222 74
1068 221 74
1069 220 75
1070 219 76
1071 218 77
1072 217 78
1073 216 78
1074 215 78
1075 214 79
1076 213 80
1077 212 81
1078 211 81
1079 210 81
1080 209 82
1081 208 83
1082 207 84
1083 206 85
1084 205 86
1085 204 87
1086 203 87
1087 202 88
1088 201 89
1089 200 89
1090 199 89
1091 198 90
1092 197 90
1093 196 91
1094 195 92
1095 194 93
1096 193 94
1097 192 95
1098 191 96
1099 190 97
1100 189 98
1101 188 99
1102 187 100
1103 186 101
1104 185 102
1105 184 103
1106 184 104
1107 184 105
1108 184 106
1109 184 107
1110 184 108
1111 183 109
1112 183 110
1113 182 111
1114 181 112
1115 180 113
1116 179 114
1117 178 115
1118 177 116
1119 176 117
1120 175 118
1121 174 119
1122 173 120
1123 172 121
1124 171 122
1125 170 123
1126 170 124
1127 170 125
1128 170 126
1129 170 127
1130 169 128
1131 168 129
1132 167 130
1133 166 131
1134 165 132
1135 164 133
1136 163 134
1137 162 135
1138 161 136
1139 160 137
1140 159 138
1141 158 139
1142 157 140
1143 157 141
1144 156 142
1145 155 143
1146 154 144
1147 154 145
1148 153 146
1149 153 147
1150 152 148
1151 151 149
1152 150 150
1153 149 151
1154 148 152
1155 147 153
1156 147 154
1157 146 155
1158 146 156
1159 145 157
1160 145 158
1161 144 159
1162 144 160
1163 143 161
1164 143 162
1165 142 163
1166 141 164
1167 140 165
1168 139 166
1169 138 167
1170 137 168
1171 136 169
1172 136 170
1173 135 171
1174 134 172
1175 133 173
1176 132 174
1177 131 175
1178 131 176
1179 131 177
1180 131 178
1181 131 179
1182 131 180
1183 131 181
1184 130 182
1185 129 183
1186 128 184
1187 127 185
1188 127 186
1189 126 187
1190 125 188
1191 124 189
1192 123 190
1193 123 191
1194 122 192
1195 122 193
1196 122 194
1197 122 195
1198 121 196
1199 120 197
1200 120 198
1201 119 199
1202 119 200
1203 119 201
1204 119 202
1205 118 203
1206 118 204
1207 118 205
1208 117 206
1209 117 207
1210 117 208
1211 116 209
1212 116 210
1213 115 211
1214 114 212
1215 113 213
1216 112 214
1217 111 215
1218 111 216
1219 111 217
1220 110 218
1221 110 219
1222 110 220
1223 110 221
1224 109 222
1225 108 223
1226 108 224
1227 107 225
1228 107 226
1229 107 227
1230 107 228
1231 106 229
1232 106 230
1233 106 231
1234 106 232
1235 105 233
1236 105 234
1237 105 235
1238 104 236
1239 103 237
1240 102 238
1241 102 239
1242 102 240
1243 102 241
1244 102 242
1245 101 243
1246 101 244
1247 101 245
1248 100 246
1249 99 247
1250 99 248
1251 99 249
1252 99 250
1253 99 251
1254 99 252
1255 99 253
1256 99 254
1257 99 255
1258 99 256
1259 99 257
1260 99 258
1261 98 259
1262 97 260
1263 96 261
1264 96 262
1265 96 263
1266 96 264
1267 95 265
1268 95 266
1269 95 267
1270 94 268
1271 94 269
1272 94 270
1273 93 271
1274 93 272
1275 93 273
1276 93 274
1277 93 275
1278 93 276
1279 93 277
1280 93 278
1281 93 279
1282 93 280
1283 93 281
1284 93 282
1285 92 283
1286 92 284
1287 92 285
1288 91 286
1289 91 287
1290 91 288
1291 91 289
1292 91 290
1293 91 291
1294 91 292
1295 91 293
1296 91 294
1297 91 295
1298 91 296
1299 91 297
1300 91 298
1301 91 299
1302 91 300
1303 91 301
1304 90 302
1305 90 303
1306 90 304
1307 90 305
1308 90 306
1309 90 307
1310 90 308
1311 90 309
1312 90 310
