name   x   y
1    126 318
2    126 319
3    126 320
4    126 321
5    126 322
6    126 323
7    126 324
8    126 325
9    126 326
10   126 327
11   126 328
12   126 329
13   126 330
14   126 331
15   126 332
16   126 333
17   126 334
18   126 335
19   126 336
20   126 337
21   126 338
22   126 339
23   126 340
24   126 341
25   126 342
26   126 343
27   126 344
28   127 345
29   127 346
30   127 347
31   127 348
32   127 349
33   127 350
34   127 351
35   127 352
36   127 353
37   127 354
38   127 355
39   127 356
40   127 357
41   127 358
42   127 359
43   127 360
44   127 361
45   127 362
46   127 363
47   127 364
48   127 365
49   128 366
50   128 367
51   128 368
52   128 369
53   128 370
54   128 371
55   128 372
56   128 373
57   128 374
58   128 375
59   128 376
60   128 377
61   128 378
62   128 379
63   129 380
64   129 381
65   129 382
66   129 383
67   129 384
68   130 385
69   130 386
70   130 387
71   130 388
72   130 389
73   130 390
74   130 391
75   131 392
76   131 393
77   131 394
78   131 395
79   132 396
80   132 397
81   132 398
82   132 399
83   133 400
84   133 401
85   133 402
86   133 403
87   134 404
88   134 405
89   134 406
90   134 407
91   135 408
92   135 409
93   135 410
94   136 411
95   136 412
96   136 413
97   136 414
98   136 415
99   136 416
100  136 417
101  136 418
102  137 419
103  137 420
104  137 421
105  137 422
106  138 423
107  138 424
108  139 425
109  139 426
110  139 427
111  139 428
112  140 429
113  140 430
114  140 431
115  140 432
116  141 433
117  141 434
118  142 435
119  142 436
120  142 437
121  143 438
122  143 439
123  143 440
124  143 441
125  143 442
126  144 443
127  144 444
128  145 445
129  145 446
130  145 447
131  145 448
132  146 449
133  146 450
134  147 451
135  147 452
136  148 453
137  148 454
138  148 455
139  148 456
140  148 457
141  149 458
142  149 459
143  150 460
144  150 461
145  150 462
146  150 463
147  151 464
148  151 465
149  152 466
150  152 467
151  152 468
152  153 469
153  154 470
154  155 471
155  156 472
156  157 473
157  158 474
158  159 475
159  160 476
160  161 477
161  162 477
162  163 477
163  164 477
164  165 477
165  166 477
166  167 477
167  168 477
168  169 477
169  170 477
170  171 477
171  172 477
172  173 477
173  174 477
174  175 476
175  176 476
176  177 476
177  178 475
178  179 475
179  180 475
180  181 474
181  182 474
182  183 473
183  184 472
184  185 471
185  186 470
186  187 469
187  188 468
188  189 467
189  190 466
190  191 466
191  192 466
192  193 466
193  194 466
194  195 466
195  196 466
196  197 466
197  198 466
198  199 465
199  200 465
200  201 465
201  202 464
202  203 464
203  204 464
204  205 464
205  206 464
206  207 464
207  208 464
208  209 464
209  210 464
210  211 464
211  212 463
212  213 462
213  214 461
214  215 460
215  216 459
216  217 459
217  218 458
218  219 458
219  220 457
220  221 457
221  222 457
222  223 456
223  224 456
224  225 456
225  226 456
226  227 456
227  228 456
228  229 455
229  230 455
230  231 455
231  232 455
232  233 455
233  234 455
234  235 455
235  236 455
236  237 455
237  238 455
238  239 455
239  240 455
240  241 455
241  242 455
242  243 455
243  244 455
244  245 455
245  246 455
246  247 455
247  248 455
248  249 455
249  250 456
250  251 456
251  252 457
252  253 457
253  254 457
254  255 457
255  256 458
256  257 458
257  258 459
258  259 459
259  260 459
260  261 459
261  262 460
262  263 460
263  264 460
264  265 460
265  266 460
266  267 460
267  268 460
268  269 460
269  270 460
270  271 461
271  272 461
272  273 461
273  274 461
274  275 461
275  276 462
276  277 462
277  278 462
278  279 462
279  280 462
280  281 462
281  282 463
282  283 463
283  284 463
284  285 463
285  286 464
286  287 464
287  288 464
288  289 464
289  290 465
290  291 465
291  292 466
292  293 466
293  294 467
294  295 467
295  296 468
296  297 468
297  298 468
298  299 469
299  300 469
300  301 469
301  302 469
302  303 469
303  304 470
304  305 471
305  306 471
306  307 471
307  308 472
308  309 472
309  310 473
310  311 474
311  312 475
312  313 476
313  314 476
314  315 476
315  316 477
316  317 477
317  318 478
318  319 479
319  320 480
320  321 481
321  322 481
322  323 481
323  324 481
324  325 482
325  326 482
326  327 483
327  328 483
328  329 484
329  330 484
330  331 484
331  332 484
332  333 484
333  334 485
334  335 485
335  336 485
336  337 486
337  338 486
338  339 486
339  340 487
340  341 487
341  342 487
342  343 487
343  344 487
344  345 487
345  346 487
346  347 487
347  348 487
348  349 488
349  350 489
350  351 490
351  352 490
352  353 490
353  354 490
354  355 490
355  356 490
356  357 490
357  358 490
358  359 490
359  360 490
360  361 490
361  362 490
362  363 490
363  364 490
364  365 490
365  366 490
366  367 490
367  368 490
368  369 490
369  370 490
370  371 490
371  372 490
372  373 490
373  374 490
374  375 490
375  376 490
376  377 490
377  378 491
378  379 492
379  380 493
380  381 494
381  382 495
382  383 496
383  384 497
384  385 498
385  386 499
386  387 499
387  388 499
388  389 499
389  390 499
390  391 499
391  392 499
392  393 499
393  394 499
394  395 499
395  396 499
396  397 499
397  398 499
398  399 499
399  400 499
400  401 499
401  402 499
402  403 498
403  404 497
404  405 496
405  406 495
406  407 494
407  408 493
408  409 492
409  410 491
410  411 490
411  412 489
412  412 488
413  413 487
414  414 486
415  415 485
416  416 484
417  416 483
418  417 482
419  417 481
420  418 480
421  419 479
422  420 478
423  421 477
424  421 476
425  422 475
426  423 474
427  423 473
428  424 472
429  425 471
430  426 470
431  426 469
432  427 468
433  428 467
434  429 466
435  429 465
436  429 464
437  430 463
438  431 462
439  432 461
440  432 460
441  433 459
442  433 458
443  434 457
444  435 456
445  435 455
446  436 454
447  436 453
448  437 452
449  437 451
450  438 450
451  438 449
452  439 448
453  439 447
454  440 446
455  440 445
456  441 444
457  442 443
458  442 442
459  443 441
460  443 440
461  444 439
462  444 438
463  445 437
464  445 436
465  446 435
466  447 434
467  447 433
468  448 432
469  448 431
470  448 430
471  449 429
472  449 428
473  450 427
474  450 426
475  451 425
476  451 424
477  452 423
478  452 422
479  453 421
480  453 420
481  454 419
482  455 418
483  455 417
484  455 416
485  456 415
486  456 414
487  456 413
488  457 412
489  457 411
490  457 410
491  458 409
492  458 408
493  459 407
494  459 406
495  460 405
496  460 404
497  461 403
498  461 402
499  461 401
500  462 400
501  462 399
502  462 398
503  462 397
504  463 396
505  463 395
506  463 394
507  464 393
508  464 392
509  465 391
510  465 390
511  466 389
512  466 388
513  466 387
514  466 386
515  466 385
516  466 384
517  466 383
518  466 382
519  467 381
520  467 380
521  467 379
522  467 378
523  467 377
524  468 376
525  468 375
526  469 374
527  469 373
528  469 372
529  469 371
530  469 370
531  469 369
532  470 368
533  470 367
534  470 366
535  470 365
536  470 364
537  470 363
538  471 362
539  471 361
540  471 360
541  471 359
542  471 358
543  471 357
544  471 356
545  471 355
546  472 354
547  472 353
548  473 352
549  473 351
550  473 350
551  473 349
552  473 348
553  473 347
554  473 346
555  473 345
556  474 344
557  474 343
558  474 342
559  474 341
560  474 340
561  474 339
562  474 338
563  474 337
564  474 336
565  474 335
566  474 334
567  475 333
568  475 332
569  475 331
570  475 330
571  475 329
572  475 328
573  475 327
574  476 326
575  476 325
576  476 324
577  476 323
578  476 322
579  476 321
580  476 320
581  476 319
582  476 318
583  476 317
584  476 316
585  476 315
586  476 314
587  476 313
588  476 312
589  476 311
590  476 310
591  476 309
592  476 308
593  476 307
594  476 306
595  476 305
596  476 304
597  476 303
598  476 302
599  476 301
600  476 300
601  476 299
602  476 298
603  476 297
604  476 296
605  475 295
606  475 294
607  475 293
608  475 292
609  475 291
610  475 290
611  475 289
612  475 288
613  475 287
614  475 286
615  475 285
616  475 284
617  474 283
618  474 282
619  474 281
620  474 280
621  474 279
622  474 278
623  474 277
624  474 276
625  473 275
626  473 274
627  473 273
628  473 272
629  472 271
630  472 270
631  472 269
632  472 268
633  471 267
634  471 266
635  471 265
636  471 264
637  471 263
638  471 262
639  471 261
640  470 260
641  470 259
642  470 258
643  470 257
644  469 256
645  469 255
646  469 254
647  469 253
648  468 252
649  468 251
650  468 250
651  467 249
652  467 248
653  467 247
654  467 246
655  466 245
656  466 244
657  466 243
658  465 242
659  465 241
660  465 240
661  465 239
662  464 238
663  464 237
664  463 236
665  463 235
666  463 234
667  462 233
668  462 232
669  462 231
670  462 230
671  461 229
672  461 228
673  461 227
674  461 226
675  461 225
676  460 224
677  460 223
678  459 222
679  458 221
680  457 220
681  457 219
682  456 218
683  456 217
684  456 216
685  455 215
686  455 214
687  454 213
688  454 212
689  453 211
690  453 210
691  453 209
692  452 208
693  451 207
694  450 206
695  450 205
696  450 204
697  449 203
698  448 202
699  448 201
700  448 200
701  447 199
702  446 198
703  446 197
704  446 196
705  445 195
706  444 194
707  444 193
708  443 192
709  442 191
710  441 190
711  441 189
712  441 188
713  441 187
714  441 186
715  440 185
716  439 184
717  438 183
718  437 182
719  437 181
720  437 180
721  437 179
722  436 178
723  435 177
724  435 176
725  434 175
726  433 174
727  432 173
728  431 172
729  430 171
730  429 170
731  428 169
732  427 168
733  426 167
734  425 166
735  424 165
736  423 164
737  422 163
738  422 162
739  421 161
740  420 160
741  419 159
742  418 158
743  417 157
744  416 156
745  415 155
746  414 154
747  413 153
748  412 152
749  411 152
750  410 151
751  409 150
752  408 149
753  407 148
754  406 147
755  405 146
756  404 145
757  403 144
758  402 143
759  401 142
760  400 141
761  399 140
762  398 139
763  397 139
764  396 138
765  395 137
766  394 136
767  393 135
768  392 134
769  391 133
770  390 132
771  389 132
772  388 132
773  387 132
774  386 131
775  385 130
776  384 130
777  383 129
778  382 128
779  381 127
780  380 126
781  379 126
782  378 126
783  377 125
784  376 124
785  375 124
786  374 124
787  373 123
788  372 122
789  371 121
790  370 121
791  369 120
792  368 120
793  367 119
794  366 119
795  365 118
796  364 118
797  363 117
798  362 117
799  361 116
800  360 116
801  359 115
802  358 115
803  357 114
804  356 114
805  355 114
806  354 113
807  353 112
808  352 112
809  351 112
810  350 111
811  349 111
812  348 111
813  347 110
814  346 110
815  345 110
816  344 110
817  343 109
818  342 109
819  341 109
820  340 108
821  339 108
822  338 107
823  337 107
824  336 107
825  335 107
826  334 106
827  333 106
828  332 106
829  331 105
830  330 105
831  329 105
832  328 105
833  327 104
834  326 104
835  325 104
836  324 104
837  323 104
838  322 104
839  321 104
840  320 104
841  319 104
842  318 104
843  317 104
844  316 104
845  315 104
846  314 104
847  313 104
848  312 104
849  311 103
850  310 103
851  309 103
852  308 103
853  307 103
854  306 103
855  305 103
856  304 103
857  303 103
858  302 103
859  301 103
860  300 103
861  299 103
862  298 103
863  297 103
864  296 103
865  295 103
866  294 103
867  293 103
868  292 103
869  291 103
870  290 103
871  289 104
872  288 104
873  287 104
874  286 104
875  285 104
876  284 104
877  283 104
878  282 104
879  281 104
880  280 104
881  279 104
882  278 104
883  277 105
884  276 105
885  275 105
886  274 105
887  273 105
888  272 106
889  271 106
890  270 106
891  269 106
892  268 107
893  267 107
894  266 107
895  265 107
896  264 108
897  263 108
898  262 108
899  261 108
900  260 108
901  259 108
902  258 109
903  257 109
904  256 109
905  255 110
906  254 110
907  253 110
908  252 111
909  251 111
910  250 112
911  249 112
912  248 112
913  247 113
914  246 113
915  245 114
916  244 114
917  243 115
918  242 115
919  241 116
920  240 116
921  239 116
922  238 117
923  237 118
924  236 118
925  235 119
926  234 119
927  233 120
928  232 121
929  231 121
930  230 122
931  229 123
932  228 123
933  227 124
934  226 125
935  225 126
936  224 126
937  223 127
938  222 128
939  221 129
940  220 130
941  219 131
942  218 132
943  217 133
944  216 134
945  215 135
946  214 136
947  213 137
948  212 137
949  211 138
950  210 139
951  209 140
952  208 140
953  207 141
954  206 142
955  205 143
956  204 144
957  203 145
958  202 146
959  201 147
960  200 148
961  199 149
962  198 150
963  197 151
964  196 152
965  195 153
966  194 154
967  193 155
968  192 156
969  191 157
970  190 158
971  189 159
972  188 160
973  188 161
974  187 162
975  186 163
976  185 164
977  184 165
978  183 166
979  182 167
980  181 168
981  180 169
982  180 170
983  179 171
984  178 172
985  178 173
986  177 174
987  177 175
988  176 176
989  175 177
990  174 178
991  174 179
992  173 180
993  172 181
994  171 182
995  170 183
996  170 184
997  170 185
998  170 186
999  169 187
1000 168 188
1001 168 189
1002 168 190
1003 167 191
1004 167 192
1005 167 193
1006 167 194
1007 167 195
1008 167 196
1009 167 197
1010 167 198
1011 167 199
1012 167 200
1013 167 201
1014 167 202
1015 167 203
1016 167 204
1017 167 205
1018 167 206
1019 167 207
1020 167 208
1021 167 209
1022 167 210
1023 167 211
1024 167 212
1025 167 213
1026 167 214
1027 166 215
1028 165 216
1029 164 217
1030 163 218
1031 163 219
1032 163 220
1033 163 221
1034 163 222
1035 162 223
1036 162 224
1037 161 225
1038 160 226
1039 159 227
1040 158 228
1041 157 229
1042 156 230
1043 155 231
1044 154 232
1045 154 233
1046 154 234
1047 154 235
1048 154 236
1049 154 237
1050 154 238
1051 154 239
1052 154 240
1053 154 241
1054 154 242
1055 154 243
1056 153 244
1057 152 245
1058 151 246
1059 151 247
1060 151 248
1061 151 249
1062 150 250
1063 149 251
1064 148 252
1065 148 253
1066 148 254
1067 147 255
1068 146 256
1069 145 257
1070 145 258
1071 145 259
1072 145 260
1073 145 261
1074 145 262
1075 145 263
1076 145 264
1077 145 265
1078 144 266
1079 143 267
1080 142 268
1081 141 269
1082 140 270
1083 139 271
1084 138 272
1085 137 273
1086 136 274
1087 135 275
1088 134 276
1089 133 277
1090 132 278
1091 131 279
1092 131 280
1093 131 281
1094 131 282
1095 131 283
1096 130 284
1097 130 285
1098 130 286
1099 130 287
1100 130 288
1101 130 289
1102 130 290
1103 130 291
1104 130 292
1105 130 293
1106 130 294
1107 129 295
1108 129 296
1109 128 297
1110 128 298
1111 128 299
1112 128 300
1113 128 301
1114 128 302
1115 128 303
1116 128 304
1117 128 305
1118 127 306
1119 127 307
1120 127 308
1121 127 309
1122 127 310
1123 127 311
1124 127 312
1125 127 313
1126 127 314
1127 127 315
1128 127 316
1129 127 317
