name   x   y
1    118 345
2    118 346
3    118 347
4    118 348
5    118 349
6    118 350
7    118 351
8    118 352
9    118 353
10   118 354
11   118 355
12   118 356
13   118 357
14   118 358
15   118 359
16   118 360
17   119 361
18   119 362
19   119 363
20   119 364
21   119 365
22   119 366
23   119 367
24   119 368
25   119 369
26   119 370
27   119 371
28   119 372
29   119 373
30   119 374
31   119 375
32   120 376
33   120 377
34   120 378
35   120 379
36   121 380
37   121 381
38   121 382
39   122 383
40   122 384
41   122 385
42   123 386
43   123 387
44   123 388
45   124 389
46   124 390
47   124 391
48   124 392
49   124 393
50   124 394
51   124 395
52   124 396
53   124 397
54   124 398
55   124 399
56   124 400
57   124 401
58   124 402
59   125 403
60   125 404
61   125 405
62   125 406
63   125 407
64   125 408
65   125 409
66   126 410
67   126 411
68   126 412
69   126 413
70   127 414
71   127 415
72   128 416
73   128 417
74   128 418
75   128 419
76   128 420
77   128 421
78   129 422
79   129 423
80   129 424
81   130 425
82   130 426
83   130 427
84   130 428
85   130 429
86   130 430
87   130 431
88   131 432
89   131 433
90   131 434
91   132 435
92   132 436
93   133 437
94   133 438
95   133 439
96   133 440
97   133 441
98   133 442
99   133 443
100  134 444
101  134 445
102  134 446
103  135 447
104  135 448
105  135 449
106  136 450
107  136 451
108  136 452
109  137 453
110  137 454
111  138 455
112  138 456
113  138 457
114  138 458
115  138 459
116  139 460
117  139 461
118  140 462
119  141 463
120  142 464
121  143 465
122  143 466
123  144 467
124  145 468
125  146 469
126  147 470
127  148 471
128  148 472
129  148 473
130  148 474
131  148 475
132  149 476
133  150 477
134  151 478
135  152 479
136  153 480
137  154 481
138  155 482
139  156 483
140  157 484
141  158 485
142  159 485
143  160 486
144  161 487
145  162 487
146  163 488
147  164 489
148  165 490
149  166 491
150  167 492
151  168 493
152  169 494
153  170 495
154  171 495
155  172 495
156  173 495
157  174 495
158  175 495
159  176 495
160  177 495
161  178 495
162  179 495
163  180 495
164  181 495
165  182 495
166  183 495
167  184 495
168  185 495
169  186 494
170  187 494
171  188 493
172  189 493
173  190 492
174  191 492
175  192 491
176  193 491
177  194 490
178  195 489
179  196 488
180  197 488
181  198 488
182  199 487
183  200 486
184  201 486
185  202 485
186  203 485
187  204 484
188  205 484
189  206 483
190  207 483
191  208 482
192  209 482
193  210 481
194  211 481
195  212 480
196  213 480
197  214 479
198  215 479
199  216 478
200  217 478
201  218 477
202  219 477
203  220 477
204  221 476
205  222 476
206  223 476
207  224 476
208  225 476
209  226 475
210  227 475
211  228 475
212  229 474
213  230 474
214  231 473
215  232 473
216  233 473
217  234 473
218  235 473
219  236 473
220  237 473
221  238 473
222  239 473
223  240 472
224  241 472
225  242 471
226  243 471
227  244 471
228  245 471
229  246 470
230  247 470
231  248 470
232  249 470
233  250 470
234  251 470
235  252 470
236  253 470
237  254 470
238  255 470
239  256 470
240  257 470
241  258 470
242  259 470
243  260 470
244  261 470
245  262 470
246  263 470
247  264 470
248  265 470
249  266 470
250  267 470
251  268 470
252  269 470
253  270 470
254  271 470
255  272 470
256  273 470
257  274 470
258  275 470
259  276 470
260  277 470
261  278 470
262  279 470
263  280 470
264  281 470
265  282 470
266  283 470
267  284 470
268  285 470
269  286 469
270  287 469
271  288 469
272  289 469
273  290 469
274  291 469
275  292 469
276  293 469
277  294 469
278  295 469
279  296 469
280  297 469
281  298 469
282  299 469
283  300 469
284  301 469
285  302 469
286  303 469
287  304 469
288  305 469
289  306 469
290  307 469
291  308 469
292  309 469
293  310 469
294  311 469
295  312 469
296  313 469
297  314 469
298  315 469
299  316 469
300  317 469
301  318 469
302  319 470
303  320 471
304  321 471
305  322 471
306  323 471
307  324 472
308  325 472
309  326 472
310  327 473
311  328 473
312  329 474
313  330 474
314  331 475
315  332 476
316  333 476
317  334 477
318  335 477
319  336 478
320  337 478
321  338 479
322  339 480
323  340 480
324  341 481
325  342 481
326  343 482
327  344 483
328  345 483
329  346 484
330  347 484
331  348 485
332  349 485
333  350 486
334  351 487
335  352 488
336  353 488
337  354 489
338  355 489
339  356 489
340  357 490
341  358 491
342  359 492
343  360 493
344  361 493
345  362 494
346  363 494
347  364 495
348  365 495
349  366 496
350  367 497
351  368 498
352  369 498
353  370 499
354  371 500
355  372 501
356  373 501
357  374 501
358  375 502
359  376 502
360  377 503
361  378 504
362  379 504
363  380 504
364  381 504
365  382 504
366  383 504
367  384 504
368  385 504
369  386 504
370  387 504
371  388 504
372  389 504
373  390 504
374  391 504
375  392 503
376  393 503
377  394 502
378  395 502
379  396 501
380  397 501
381  398 500
382  399 500
383  400 499
384  401 499
385  402 499
386  403 498
387  404 498
388  405 497
389  406 497
390  407 496
391  408 495
392  409 495
393  410 494
394  411 494
395  412 494
396  413 493
397  414 492
398  415 491
399  416 490
400  417 489
401  418 488
402  419 487
403  420 486
404  420 485
405  421 484
406  422 483
407  423 482
408  424 481
409  425 480
410  426 479
411  426 478
412  427 477
413  428 476
414  429 475
415  429 474
416  430 473
417  430 472
418  430 471
419  431 470
420  432 469
421  433 468
422  433 467
423  434 466
424  434 465
425  435 464
426  436 463
427  436 462
428  436 461
429  436 460
430  436 459
431  436 458
432  436 457
433  436 456
434  436 455
435  436 454
436  436 453
437  436 452
438  436 451
439  436 450
440  436 449
441  437 448
442  438 447
443  439 446
444  439 445
445  439 444
446  439 443
447  440 442
448  440 441
449  440 440
450  440 439
451  440 438
452  440 437
453  440 436
454  441 435
455  441 434
456  442 433
457  442 432
458  442 431
459  442 430
460  443 429
461  443 428
462  443 427
463  444 426
464  445 425
465  446 424
466  447 423
467  447 422
468  447 421
469  447 420
470  447 419
471  447 418
472  448 417
473  449 416
474  449 415
475  450 414
476  451 413
477  451 412
478  451 411
479  452 410
480  453 409
481  453 408
482  454 407
483  454 406
484  454 405
485  455 404
486  456 403
487  456 402
488  456 401
489  456 400
490  457 399
491  458 398
492  458 397
493  459 396
494  460 395
495  461 394
496  462 393
497  463 392
498  464 391
499  465 390
500  465 389
501  466 388
502  467 387
503  468 386
504  469 385
505  470 384
506  471 383
507  471 382
508  471 381
509  471 380
510  472 379
511  472 378
512  472 377
513  473 376
514  473 375
515  474 374
516  474 373
517  474 372
518  474 371
519  475 370
520  475 369
521  475 368
522  476 367
523  476 366
524  476 365
525  476 364
526  477 363
527  477 362
528  477 361
529  478 360
530  478 359
531  478 358
532  478 357
533  479 356
534  479 355
535  479 354
536  479 353
537  479 352
538  480 351
539  480 350
540  480 349
541  481 348
542  481 347
543  481 346
544  481 345
545  481 344
546  481 343
547  482 342
548  482 341
549  482 340
550  482 339
551  482 338
552  482 337
553  482 336
554  482 335
555  483 334
556  483 333
557  483 332
558  483 331
559  483 330
560  484 329
561  484 328
562  484 327
563  484 326
564  484 325
565  484 324
566  484 323
567  484 322
568  484 321
569  484 320
570  484 319
571  484 318
572  485 317
573  485 316
574  485 315
575  485 314
576  485 313
577  485 312
578  485 311
579  485 310
580  485 309
581  485 308
582  485 307
583  485 306
584  485 305
585  485 304
586  485 303
587  484 302
588  484 301
589  484 300
590  484 299
591  484 298
592  484 297
593  484 296
594  484 295
595  483 294
596  483 293
597  483 292
598  483 291
599  482 290
600  482 289
601  482 288
602  482 287
603  482 286
604  482 285
605  482 284
606  481 283
607  481 282
608  481 281
609  481 280
610  481 279
611  480 278
612  480 277
613  480 276
614  480 275
615  479 274
616  479 273
617  479 272
618  479 271
619  479 270
620  478 269
621  478 268
622  478 267
623  477 266
624  477 265
625  477 264
626  476 263
627  476 262
628  476 261
629  476 260
630  475 259
631  475 258
632  475 257
633  474 256
634  474 255
635  474 254
636  473 253
637  473 252
638  473 251
639  473 250
640  472 249
641  472 248
642  472 247
643  471 246
644  471 245
645  471 244
646  470 243
647  470 242
648  470 241
649  470 240
650  469 239
651  469 238
652  468 237
653  468 236
654  468 235
655  467 234
656  467 233
657  467 232
658  467 231
659  467 230
660  466 229
661  466 228
662  466 227
663  466 226
664  465 225
665  465 224
666  465 223
667  464 222
668  464 221
669  464 220
670  463 219
671  463 218
672  463 217
673  462 216
674  462 215
675  461 214
676  461 213
677  461 212
678  461 211
679  460 210
680  460 209
681  460 208
682  459 207
683  459 206
684  458 205
685  458 204
686  457 203
687  457 202
688  457 201
689  456 200
690  456 199
691  455 198
692  455 197
693  455 196
694  454 195
695  454 194
696  453 193
697  453 192
698  452 191
699  452 190
700  451 189
701  451 188
702  450 187
703  449 186
704  449 185
705  448 184
706  447 183
707  447 182
708  446 181
709  446 180
710  445 179
711  445 178
712  444 177
713  443 176
714  443 175
715  442 174
716  442 173
717  441 172
718  441 171
719  440 170
720  439 169
721  438 168
722  437 167
723  437 166
724  436 165
725  435 164
726  435 163
727  435 162
728  434 161
729  433 160
730  433 159
731  432 158
732  431 157
733  430 156
734  429 155
735  429 154
736  428 153
737  427 152
738  426 151
739  426 150
740  425 149
741  424 148
742  424 147
743  423 146
744  422 145
745  421 144
746  420 143
747  419 142
748  418 141
749  417 140
750  416 139
751  415 138
752  415 137
753  414 136
754  413 135
755  412 134
756  411 133
757  410 132
758  409 131
759  408 130
760  407 129
761  406 128
762  405 127
763  404 126
764  403 126
765  402 125
766  401 124
767  400 123
768  399 122
769  398 122
770  397 121
771  396 120
772  395 119
773  394 119
774  393 118
775  392 118
776  391 117
777  390 117
778  389 116
779  388 115
780  387 115
781  386 114
782  385 113
783  384 113
784  383 112
785  382 112
786  381 111
787  380 111
788  379 110
789  378 110
790  377 109
791  376 109
792  375 109
793  374 108
794  373 108
795  372 108
796  371 107
797  370 107
798  369 107
799  368 107
800  367 106
801  366 106
802  365 106
803  364 105
804  363 105
805  362 104
806  361 103
807  360 103
808  359 103
809  358 103
810  357 103
811  356 103
812  355 103
813  354 103
814  353 103
815  352 103
816  351 103
817  350 103
818  349 103
819  348 102
820  347 102
821  346 102
822  345 102
823  344 102
824  343 102
825  342 102
826  341 102
827  340 102
828  339 101
829  338 101
830  337 101
831  336 101
832  335 101
833  334 101
834  333 101
835  332 101
836  331 101
837  330 101
838  329 101
839  328 101
840  327 101
841  326 101
842  325 100
843  324 100
844  323 99
845  322 99
846  321 99
847  320 99
848  319 99
849  318 99
850  317 99
851  316 99
852  315 99
853  314 99
854  313 99
855  312 99
856  311 99
857  310 99
858  309 99
859  308 99
860  307 99
861  306 99
862  305 99
863  304 99
864  303 99
865  302 99
866  301 99
867  300 99
868  299 99
869  298 99
870  297 99
871  296 99
872  295 99
873  294 99
874  293 99
875  292 100
876  291 100
877  290 100
878  289 100
879  288 100
880  287 100
881  286 100
882  285 101
883  284 101
884  283 101
885  282 102
886  281 102
887  280 102
888  279 102
889  278 103
890  277 103
891  276 103
892  275 104
893  274 104
894  273 104
895  272 104
896  271 105
897  270 105
898  269 105
899  268 106
900  267 106
901  266 106
902  265 106
903  264 107
904  263 107
905  262 107
906  261 107
907  260 108
908  259 108
909  258 108
910  257 109
911  256 109
912  255 110
913  254 111
914  253 111
915  252 112
916  251 112
917  250 113
918  249 114
919  248 114
920  247 114
921  246 115
922  245 115
923  244 116
924  243 116
925  242 116
926  241 117
927  240 118
928  239 118
929  238 119
930  237 119
931  236 120
932  235 120
933  234 120
934  233 121
935  232 122
936  231 123
937  230 124
938  229 124
939  228 125
940  227 126
941  226 127
942  225 128
943  224 128
944  223 129
945  222 130
946  221 130
947  220 131
948  219 132
949  218 132
950  217 133
951  216 134
952  215 134
953  214 135
954  213 136
955  212 136
956  211 137
957  210 138
958  209 139
959  208 139
960  207 140
961  206 141
962  205 142
963  204 143
964  203 144
965  202 145
966  201 146
967  200 147
968  199 148
969  198 149
970  197 150
971  196 151
972  195 152
973  194 153
974  193 154
975  192 155
976  191 156
977  190 156
978  189 157
979  188 158
980  187 159
981  186 160
982  185 161
983  184 162
984  183 163
985  182 164
986  181 165
987  180 166
988  179 166
989  178 167
990  177 167
991  176 168
992  175 169
993  174 170
994  173 171
995  172 172
996  171 173
997  170 174
998  169 175
999  168 176
1000 168 177
1001 167 178
1002 166 179
1003 165 180
1004 164 181
1005 163 182
1006 163 183
1007 162 184
1008 161 185
1009 161 186
1010 161 187
1011 160 188
1012 160 189
1013 160 190
1014 160 191
1015 160 192
1016 160 193
1017 160 194
1018 160 195
1019 160 196
1020 160 197
1021 160 198
1022 160 199
1023 160 200
1024 160 201
1025 160 202
1026 160 203
1027 160 204
1028 159 205
1029 158 206
1030 157 207
1031 156 208
1032 155 209
1033 154 210
1034 153 211
1035 152 212
1036 151 213
1037 150 214
1038 149 214
1039 148 214
1040 147 215
1041 146 216
1042 145 217
1043 144 218
1044 143 219
1045 142 220
1046 141 221
1047 140 222
1048 139 223
1049 139 224
1050 139 225
1051 139 226
1052 138 227
1053 137 228
1054 137 229
1055 136 230
1056 136 231
1057 136 232
1058 135 233
1059 134 234
1060 134 235
1061 134 236
1062 134 237
1063 134 238
1064 134 239
1065 133 240
1066 133 241
1067 132 242
1068 132 243
1069 132 244
1070 132 245
1071 132 246
1072 132 247
1073 132 248
1074 132 249
1075 131 250
1076 131 251
1077 130 252
1078 130 253
1079 130 254
1080 130 255
1081 129 256
1082 129 257
1083 129 258
1084 128 259
1085 128 260
1086 127 261
1087 127 262
1088 127 263
1089 127 264
1090 126 265
1091 126 266
1092 126 267
1093 125 268
1094 125 269
1095 125 270
1096 125 271
1097 125 272
1098 125 273
1099 125 274
1100 124 275
1101 124 276
1102 124 277
1103 124 278
1104 124 279
1105 124 280
1106 124 281
1107 123 282
1108 123 283
1109 123 284
1110 123 285
1111 123 286
1112 123 287
1113 123 288
1114 122 289
1115 122 290
1116 122 291
1117 122 292
1118 122 293
1119 122 294
1120 122 295
1121 122 296
1122 122 297
1123 121 298
1124 121 299
1125 121 300
1126 121 301
1127 121 302
1128 121 303
1129 121 304
1130 121 305
1131 121 306
1132 121 307
1133 120 308
1134 120 309
1135 120 310
1136 120 311
1137 120 312
1138 120 313
1139 120 314
1140 120 315
1141 120 316
1142 120 317
1143 120 318
1144 120 319
1145 120 320
1146 120 321
1147 120 322
1148 120 323
1149 120 324
1150 120 325
1151 120 326
1152 120 327
1153 120 328
1154 120 329
1155 120 330
1156 120 331
1157 120 332
1158 120 333
1159 120 334
1160 120 335
1161 120 336
1162 120 337
1163 120 338
1164 120 339
1165 120 340
1166 120 341
1167 120 342
1168 120 343
1169 119 344
