name   x   y
1    100 366
2    100 367
3    100 368
4    100 369
5    100 370
6    100 371
7    100 372
8    100 373
9    100 374
10   100 375
11   100 376
12   100 377
13   100 378
14   101 379
15   102 380
16   103 381
17   103 382
18   103 383
19   104 384
20   104 385
21   105 386
22   105 387
23   105 388
24   105 389
25   105 390
26   106 391
27   107 392
28   108 393
29   109 394
30   110 395
31   111 396
32   112 397
33   113 398
34   113 399
35   113 400
36   113 401
37   113 402
38   113 403
39   113 404
40   113 405
41   113 406
42   113 407
43   114 408
44   115 409
45   115 410
46   115 411
47   115 412
48   116 413
49   117 414
50   118 415
51   118 416
52   118 417
53   118 418
54   118 419
55   118 420
56   118 421
57   118 422
58   119 423
59   120 424
60   120 425
61   120 426
62   120 427
63   120 428
64   120 429
65   120 430
66   120 431
67   121 432
68   121 433
69   122 434
70   122 435
71   123 436
72   123 437
73   124 438
74   124 439
75   124 440
76   124 441
77   124 442
78   124 443
79   124 444
80   125 445
81   126 446
82   127 447
83   128 448
84   128 449
85   129 450
86   129 451
87   129 452
88   129 453
89   130 454
90   131 455
91   132 456
92   133 457
93   134 458
94   135 459
95   136 460
96   137 461
97   138 462
98   139 463
99   140 464
100  140 465
101  140 466
102  140 467
103  140 468
104  140 469
105  141 470
106  141 471
107  142 472
108  143 473
109  144 474
110  145 475
111  146 476
112  146 477
113  146 478
114  146 479
115  146 480
116  146 481
117  146 482
118  146 483
119  146 484
120  146 485
121  147 486
122  148 487
123  149 488
124  150 489
125  151 490
126  152 491
127  152 492
128  152 493
129  152 494
130  152 495
131  153 496
132  154 497
133  155 498
134  156 499
135  157 500
136  158 501
137  159 502
138  160 503
139  161 503
140  162 503
141  163 503
142  164 503
143  165 503
144  166 503
145  167 504
146  168 505
147  169 506
148  170 507
149  171 507
150  172 507
151  173 507
152  174 507
153  175 507
154  176 507
155  177 507
156  178 507
157  179 508
158  180 509
159  181 510
160  182 511
161  183 512
162  184 513
163  185 514
164  186 515
165  187 515
166  188 515
167  189 515
168  190 515
169  191 515
170  192 515
171  193 515
172  194 515
173  195 515
174  196 515
175  197 515
176  198 515
177  199 515
178  200 514
179  201 513
180  202 512
181  203 512
182  204 511
183  205 510
184  206 509
185  207 508
186  208 508
187  209 507
188  210 506
189  211 505
190  212 504
191  213 504
192  214 503
193  215 502
194  216 502
195  217 502
196  218 502
197  219 502
198  220 502
199  221 501
200  222 501
201  223 501
202  224 500
203  225 499
204  226 499
205  227 499
206  228 499
207  229 499
208  230 499
209  231 499
210  232 499
211  233 498
212  234 497
213  235 496
214  236 495
215  237 494
216  238 494
217  239 494
218  240 494
219  241 494
220  242 494
221  243 493
222  244 492
223  245 492
224  246 492
225  247 492
226  248 492
227  249 492
228  250 492
229  251 492
230  252 492
231  253 492
232  254 492
233  255 492
234  256 492
235  257 492
236  258 492
237  259 492
238  260 492
239  261 492
240  262 492
241  263 492
242  264 492
243  265 492
244  266 492
245  267 492
246  268 492
247  269 492
248  270 492
249  271 492
250  272 492
251  273 492
252  274 492
253  275 492
254  276 492
255  277 492
256  278 492
257  279 492
258  280 492
259  281 493
260  282 493
261  283 493
262  284 494
263  285 494
264  286 494
265  287 494
266  288 494
267  289 494
268  290 494
269  291 495
270  292 495
271  293 495
272  294 495
273  295 496
274  296 496
275  297 497
276  298 497
277  299 497
278  300 497
279  301 497
280  302 498
281  303 498
282  304 499
283  305 499
284  306 500
285  307 500
286  308 500
287  309 501
288  310 501
289  311 502
290  312 502
291  313 503
292  314 503
293  315 504
294  316 504
295  317 504
296  318 504
297  319 504
298  320 504
299  321 504
300  322 504
301  323 505
302  324 505
303  325 505
304  326 505
305  327 505
306  328 505
307  329 506
308  330 506
309  331 506
310  332 506
311  333 506
312  334 506
313  335 506
314  336 507
315  337 508
316  338 509
317  339 510
318  340 510
319  341 510
320  342 510
321  343 511
322  344 511
323  345 511
324  346 511
325  347 511
326  348 511
327  349 512
328  350 513
329  351 514
330  352 514
331  353 514
332  354 514
333  355 515
334  356 516
335  357 516
336  358 517
337  359 518
338  360 519
339  361 519
340  362 519
341  363 519
342  364 519
343  365 519
344  366 519
345  367 520
346  368 520
347  369 521
348  370 522
349  371 523
350  372 524
351  373 525
352  374 525
353  375 526
354  376 526
355  377 527
356  378 528
357  379 528
358  380 529
359  381 530
360  382 531
361  383 532
362  384 533
363  385 534
364  386 535
365  387 535
366  388 535
367  389 535
368  390 536
369  391 536
370  392 536
371  393 536
372  394 536
373  395 537
374  396 537
375  397 538
376  398 538
377  399 538
378  400 538
379  401 538
380  402 538
381  403 538
382  404 538
383  405 538
384  406 538
385  407 538
386  408 538
387  409 538
388  410 538
389  411 537
390  412 537
391  413 537
392  414 537
393  415 537
394  416 537
395  417 537
396  418 537
397  419 537
398  420 537
399  421 536
400  422 536
401  423 535
402  424 535
403  425 535
404  426 534
405  427 534
406  428 533
407  429 532
408  430 531
409  431 530
410  432 529
411  433 528
412  434 527
413  435 526
414  436 525
415  437 524
416  437 523
417  438 522
418  438 521
419  439 520
420  439 519
421  440 518
422  441 517
423  442 516
424  443 515
425  444 514
426  444 513
427  445 512
428  445 511
429  446 510
430  446 509
431  447 508
432  447 507
433  448 506
434  449 505
435  449 504
436  449 503
437  450 502
438  450 501
439  451 500
440  451 499
441  451 498
442  452 497
443  453 496
444  453 495
445  453 494
446  453 493
447  453 492
448  454 491
449  454 490
450  455 489
451  456 488
452  457 487
453  458 486
454  459 485
455  460 484
456  461 483
457  462 482
458  463 481
459  463 480
460  464 479
461  464 478
462  465 477
463  465 476
464  466 475
465  466 474
466  467 473
467  467 472
468  467 471
469  468 470
470  468 469
471  469 468
472  469 467
473  470 466
474  470 465
475  471 464
476  471 463
477  472 462
478  472 461
479  473 460
480  473 459
481  474 458
482  474 457
483  474 456
484  474 455
485  475 454
486  475 453
487  476 452
488  477 451
489  478 450
490  478 449
491  478 448
492  479 447
493  479 446
494  479 445
495  480 444
496  480 443
497  480 442
498  480 441
499  480 440
500  481 439
501  482 438
502  482 437
503  482 436
504  483 435
505  483 434
506  484 433
507  485 432
508  486 431
509  487 430
510  487 429
511  487 428
512  487 427
513  487 426
514  487 425
515  487 424
516  487 423
517  487 422
518  487 421
519  488 420
520  488 419
521  488 418
522  488 417
523  489 416
524  489 415
525  490 414
526  490 413
527  490 412
528  491 411
529  491 410
530  491 409
531  491 408
532  491 407
533  492 406
534  492 405
535  492 404
536  493 403
537  493 402
538  493 401
539  493 400
540  494 399
541  494 398
542  494 397
543  494 396
544  494 395
545  495 394
546  495 393
547  495 392
548  495 391
549  496 390
550  496 389
551  496 388
552  496 387
553  496 386
554  497 385
555  497 384
556  497 383
557  497 382
558  498 381
559  498 380
560  498 379
561  498 378
562  498 377
563  498 376
564  498 375
565  498 374
566  498 373
567  499 372
568  500 371
569  500 370
570  500 369
571  500 368
572  501 367
573  502 366
574  502 365
575  502 364
576  502 363
577  502 362
578  502 361
579  502 360
580  502 359
581  502 358
582  502 357
583  502 356
584  502 355
585  502 354
586  502 353
587  502 352
588  502 351
589  502 350
590  502 349
591  502 348
592  502 347
593  502 346
594  502 345
595  502 344
596  502 343
597  502 342
598  502 341
599  502 340
600  502 339
601  502 338
602  502 337
603  502 336
604  502 335
605  502 334
606  502 333
607  502 332
608  502 331
609  502 330
610  502 329
611  502 328
612  502 327
613  502 326
614  502 325
615  502 324
616  503 323
617  503 322
618  503 321
619  503 320
620  503 319
621  503 318
622  503 317
623  503 316
624  503 315
625  503 314
626  503 313
627  503 312
628  503 311
629  503 310
630  503 309
631  503 308
632  503 307
633  503 306
634  503 305
635  503 304
636  503 303
637  503 302
638  503 301
639  503 300
640  503 299
641  503 298
642  503 297
643  503 296
644  503 295
645  502 294
646  502 293
647  502 292
648  502 291
649  502 290
650  502 289
651  502 288
652  502 287
653  502 286
654  502 285
655  502 284
656  502 283
657  502 282
658  502 281
659  502 280
660  502 279
661  502 278
662  502 277
663  502 276
664  501 275
665  501 274
666  501 273
667  501 272
668  501 271
669  501 270
670  501 269
671  500 268
672  500 267
673  500 266
674  500 265
675  500 264
676  500 263
677  500 262
678  500 261
679  500 260
680  500 259
681  499 258
682  499 257
683  499 256
684  499 255
685  499 254
686  499 253
687  498 252
688  498 251
689  498 250
690  498 249
691  498 248
692  498 247
693  498 246
694  498 245
695  498 244
696  497 243
697  497 242
698  497 241
699  497 240
700  496 239
701  496 238
702  496 237
703  496 236
704  496 235
705  495 234
706  495 233
707  495 232
708  494 231
709  494 230
710  494 229
711  493 228
712  493 227
713  493 226
714  493 225
715  492 224
716  492 223
717  492 222
718  492 221
719  492 220
720  491 219
721  491 218
722  490 217
723  490 216
724  490 215
725  489 214
726  488 213
727  488 212
728  487 211
729  487 210
730  487 209
731  487 208
732  486 207
733  486 206
734  486 205
735  485 204
736  485 203
737  485 202
738  485 201
739  484 200
740  483 199
741  483 198
742  482 197
743  482 196
744  481 195
745  481 194
746  480 193
747  480 192
748  480 191
749  479 190
750  479 189
751  478 188
752  477 187
753  477 186
754  477 185
755  476 184
756  476 183
757  475 182
758  475 181
759  474 180
760  474 179
761  474 178
762  473 177
763  472 176
764  472 175
765  471 174
766  471 173
767  470 172
768  470 171
769  469 170
770  469 169
771  468 168
772  468 167
773  467 166
774  466 165
775  466 164
776  465 163
777  465 162
778  464 161
779  463 160
780  463 159
781  462 158
782  461 157
783  461 156
784  460 155
785  460 154
786  460 153
787  459 152
788  458 151
789  457 150
790  456 149
791  455 148
792  454 147
793  453 146
794  452 145
795  452 144
796  451 143
797  451 142
798  450 141
799  449 140
800  448 139
801  447 138
802  446 137
803  445 136
804  444 135
805  443 134
806  442 133
807  442 132
808  441 131
809  440 130
810  439 129
811  438 128
812  438 127
813  437 126
814  437 125
815  437 124
816  436 123
817  435 122
818  434 121
819  433 120
820  432 119
821  431 118
822  430 117
823  429 116
824  428 115
825  427 114
826  426 113
827  425 112
828  424 111
829  423 110
830  422 109
831  421 108
832  420 107
833  419 106
834  418 105
835  417 104
836  416 103
837  415 102
838  414 101
839  413 100
840  412 99
841  411 98
842  410 97
843  409 96
844  408 96
845  407 96
846  406 96
847  405 95
848  404 95
849  403 95
850  402 94
851  401 93
852  400 93
853  399 92
854  398 92
855  397 91
856  396 90
857  395 89
858  394 88
859  393 87
860  392 87
861  391 87
862  390 87
863  389 86
864  388 85
865  387 84
866  386 84
867  385 83
868  384 82
869  383 81
870  382 80
871  381 80
872  380 80
873  379 80
874  378 80
875  377 80
876  376 80
877  375 80
878  374 80
879  373 80
880  372 80
881  371 80
882  370 80
883  369 80
884  368 80
885  367 79
886  366 79
887  365 78
888  364 78
889  363 77
890  362 77
891  361 77
892  360 77
893  359 77
894  358 77
895  357 77
896  356 77
897  355 76
898  354 76
899  353 75
900  352 74
901  351 73
902  350 73
903  349 73
904  348 73
905  347 73
906  346 73
907  345 73
908  344 72
909  343 72
910  342 72
911  341 72
912  340 72
913  339 71
914  338 71
915  337 71
916  336 71
917  335 71
918  334 71
919  333 70
920  332 70
921  331 69
922  330 68
923  329 68
924  328 68
925  327 68
926  326 68
927  325 68
928  324 68
929  323 68
930  322 68
931  321 68
932  320 67
933  319 66
934  318 66
935  317 66
936  316 66
937  315 66
938  314 66
939  313 66
940  312 66
941  311 65
942  310 65
943  309 64
944  308 64
945  307 64
946  306 64
947  305 64
948  304 64
949  303 64
950  302 64
951  301 64
952  300 64
953  299 64
954  298 64
955  297 64
956  296 64
957  295 64
958  294 64
959  293 64
960  292 64
961  291 64
962  290 64
963  289 64
964  288 64
965  287 64
966  286 64
967  285 64
968  284 65
969  283 66
970  282 66
971  281 66
972  280 67
973  279 67
974  278 67
975  277 67
976  276 67
977  275 67
978  274 67
979  273 67
980  272 67
981  271 67
982  270 67
983  269 67
984  268 68
985  267 68
986  266 68
987  265 69
988  264 69
989  263 69
990  262 70
991  261 71
992  260 71
993  259 71
994  258 71
995  257 71
996  256 71
997  255 71
998  254 71
999  253 72
1000 252 72
1001 251 72
1002 250 73
1003 249 73
1004 248 74
1005 247 74
1006 246 75
1007 245 76
1008 244 76
1009 243 77
1010 242 77
1011 241 77
1012 240 78
1013 239 79
1014 238 80
1015 237 81
1016 236 82
1017 235 83
1018 234 83
1019 233 84
1020 232 84
1021 231 84
1022 230 85
1023 229 86
1024 228 87
1025 227 87
1026 226 88
1027 225 89
1028 224 90
1029 223 90
1030 222 90
1031 221 90
1032 220 91
1033 219 91
1034 218 92
1035 217 93
1036 216 93
1037 215 94
1038 214 95
1039 213 96
1040 212 97
1041 211 97
1042 210 98
1043 209 99
1044 208 100
1045 207 101
1046 206 102
1047 205 103
1048 204 104
1049 203 105
1050 202 106
1051 201 106
1052 200 107
1053 199 108
1054 198 109
1055 197 109
1056 196 109
1057 195 109
1058 194 109
1059 193 109
1060 192 110
1061 191 111
1062 190 112
1063 189 113
1064 188 114
1065 187 114
1066 186 115
1067 185 116
1068 184 117
1069 183 117
1070 182 118
1071 181 118
1072 180 119
1073 179 120
1074 178 121
1075 177 122
1076 176 123
1077 175 124
1078 174 125
1079 173 126
1080 172 127
1081 172 128
1082 171 129
1083 170 130
1084 169 131
1085 168 132
1086 167 133
1087 166 134
1088 165 135
1089 164 136
1090 163 137
1091 163 138
1092 162 139
1093 162 140
1094 161 141
1095 161 142
1096 160 143
1097 159 144
1098 158 145
1099 157 146
1100 156 147
1101 155 148
1102 155 149
1103 154 150
1104 154 151
1105 153 152
1106 153 153
1107 152 154
1108 151 155
1109 151 156
1110 150 157
1111 149 158
1112 148 159
1113 148 160
1114 147 161
1115 146 162
1116 145 163
1117 145 164
1118 145 165
1119 144 166
1120 144 167
1121 144 168
1122 143 169
1123 143 170
1124 142 171
1125 141 172
1126 141 173
1127 141 174
1128 140 175
1129 139 176
1130 139 177
1131 138 178
1132 137 179
1133 136 180
1134 135 181
1135 135 182
1136 135 183
1137 134 184
1138 133 185
1139 132 186
1140 131 187
1141 131 188
1142 130 189
1143 129 190
1144 129 191
1145 128 192
1146 127 193
1147 127 194
1148 127 195
1149 127 196
1150 126 197
1151 125 198
1152 124 199
1153 124 200
1154 124 201
1155 123 202
1156 123 203
1157 123 204
1158 123 205
1159 123 206
1160 123 207
1161 123 208
1162 123 209
1163 122 210
1164 122 211
1165 121 212
1166 121 213
1167 121 214
1168 121 215
1169 120 216
1170 119 217
1171 119 218
1172 119 219
1173 118 220
1174 118 221
1175 118 222
1176 117 223
1177 116 224
1178 115 225
1179 114 226
1180 113 227
1181 112 228
1182 111 229
1183 111 230
1184 111 231
1185 111 232
1186 111 233
1187 111 234
1188 110 235
1189 110 236
1190 109 237
1191 109 238
1192 109 239
1193 109 240
1194 109 241
1195 108 242
1196 108 243
1197 108 244
1198 108 245
1199 107 246
1200 107 247
1201 107 248
1202 107 249
1203 107 250
1204 106 251
1205 106 252
1206 106 253
1207 105 254
1208 105 255
1209 105 256
1210 105 257
1211 105 258
1212 105 259
1213 105 260
1214 105 261
1215 104 262
1216 103 263
1217 102 264
1218 102 265
1219 102 266
1220 102 267
1221 102 268
1222 102 269
1223 102 270
1224 102 271
1225 102 272
1226 102 273
1227 102 274
1228 102 275
1229 102 276
1230 102 277
1231 102 278
1232 102 279
1233 102 280
1234 102 281
1235 102 282
1236 102 283
1237 102 284
1238 102 285
1239 102 286
1240 102 287
1241 102 288
1242 102 289
1243 102 290
1244 102 291
1245 102 292
1246 102 293
1247 102 294
1248 102 295
1249 102 296
1250 102 297
1251 102 298
1252 101 299
1253 101 300
1254 101 301
1255 101 302
1256 101 303
1257 101 304
1258 101 305
1259 101 306
1260 101 307
1261 101 308
1262 101 309
1263 101 310
1264 101 311
1265 101 312
1266 101 313
1267 101 314
1268 101 315
1269 101 316
1270 101 317
1271 101 318
1272 101 319
1273 101 320
1274 101 321
1275 101 322
1276 101 323
1277 101 324
1278 101 325
1279 101 326
1280 101 327
1281 101 328
1282 101 329
1283 101 330
1284 101 331
1285 101 332
1286 101 333
1287 101 334
1288 101 335
1289 101 336
1290 101 337
1291 101 338
1292 101 339
1293 101 340
1294 101 341
1295 102 342
1296 103 343
1297 103 344
1298 103 345
1299 103 346
1300 103 347
1301 103 348
1302 103 349
1303 103 350
1304 103 351
1305 103 352
1306 103 353
1307 103 354
1308 103 355
1309 103 356
1310 103 357
1311 103 358
1312 103 359
1313 103 360
1314 103 361
1315 103 362
1316 103 363
1317 102 364
1318 101 365
