name   x   y
1    136 414
2    136 415
3    136 416
4    136 417
5    136 418
6    136 419
7    136 420
8    136 421
9    136 422
10   136 423
11   136 424
12   136 425
13   136 426
14   136 427
15   136 428
16   136 429
17   136 430
18   136 431
19   137 432
20   137 433
21   137 434
22   138 435
23   139 436
24   140 437
25   141 438
26   142 439
27   143 440
28   144 441
29   145 442
30   146 442
31   147 442
32   148 442
33   149 442
34   150 442
35   151 442
36   152 442
37   153 442
38   154 442
39   155 442
40   156 442
41   157 442
42   158 442
43   159 441
44   160 440
45   161 440
46   162 440
47   163 439
48   164 438
49   165 438
50   166 438
51   167 438
52   168 437
53   169 437
54   170 437
55   171 437
56   172 436
57   173 436
58   174 436
59   175 435
60   176 435
61   177 435
62   178 434
63   179 434
64   180 433
65   181 433
66   182 433
67   183 432
68   184 432
69   185 431
70   186 431
71   187 430
72   188 430
73   189 429
74   190 429
75   191 429
76   192 428
77   193 428
78   194 427
79   195 427
80   196 427
81   197 426
82   198 426
83   199 425
84   200 425
85   201 425
86   202 425
87   203 425
88   204 425
89   205 424
90   206 424
91   207 423
92   208 423
93   209 422
94   210 422
95   211 422
96   212 422
97   213 421
98   214 421
99   215 421
100  216 421
101  217 421
102  218 421
103  219 421
104  220 421
105  221 420
106  222 420
107  223 420
108  224 419
109  225 419
110  226 419
111  227 419
112  228 419
113  229 419
114  230 419
115  231 419
116  232 419
117  233 418
118  234 418
119  235 418
120  236 418
121  237 418
122  238 417
123  239 417
124  240 417
125  241 417
126  242 417
127  243 417
128  244 417
129  245 417
130  246 417
131  247 417
132  248 417
133  249 417
134  250 417
135  251 417
136  252 417
137  253 417
138  254 417
139  255 417
140  256 417
141  257 417
142  258 417
143  259 417
144  260 417
145  261 417
146  262 417
147  263 417
148  264 417
149  265 417
150  266 417
151  267 417
152  268 417
153  269 417
154  270 417
155  271 417
156  272 417
157  273 418
158  274 418
159  275 418
160  276 418
161  277 418
162  278 418
163  279 418
164  280 418
165  281 418
166  282 418
167  283 418
168  284 418
169  285 418
170  286 419
171  287 419
172  288 419
173  289 419
174  290 419
175  291 419
176  292 419
177  293 419
178  294 419
179  295 419
180  296 420
181  297 420
182  298 420
183  299 420
184  300 420
185  301 420
186  302 420
187  303 420
188  304 420
189  305 420
190  306 420
191  307 420
192  308 420
193  309 420
194  310 420
195  311 421
196  312 421
197  313 421
198  314 421
199  315 421
200  316 422
201  317 422
202  318 422
203  319 423
204  320 423
205  321 423
206  322 424
207  323 424
208  324 425
209  325 425
210  326 425
211  327 426
212  328 426
213  329 426
214  330 426
215  331 427
216  332 427
217  333 427
218  334 428
219  335 429
220  336 430
221  337 430
222  338 430
223  339 430
224  340 430
225  341 430
226  342 430
227  343 430
228  344 430
229  345 431
230  346 431
231  347 432
232  348 433
233  349 434
234  350 435
235  351 436
236  352 436
237  353 437
238  354 437
239  355 438
240  356 438
241  357 439
242  358 439
243  359 440
244  360 441
245  361 441
246  362 442
247  363 443
248  364 443
249  365 443
250  366 443
251  367 443
252  368 443
253  369 443
254  370 443
255  371 444
256  372 444
257  373 445
258  374 445
259  375 445
260  376 445
261  377 445
262  378 446
263  379 446
264  380 446
265  381 447
266  382 448
267  383 449
268  384 450
269  385 451
270  386 452
271  387 453
272  388 453
273  389 453
274  390 454
275  391 454
276  392 455
277  393 456
278  394 456
279  395 457
280  396 458
281  397 458
282  398 459
283  399 460
284  400 461
285  401 462
286  402 463
287  403 464
288  404 465
289  405 466
290  406 467
291  407 468
292  408 468
293  409 469
294  410 470
295  411 471
296  412 472
297  413 472
298  414 473
299  415 474
300  416 475
301  417 475
302  418 475
303  419 475
304  420 475
305  421 475
306  422 475
307  423 475
308  424 475
309  425 475
310  426 475
311  427 475
312  428 475
313  429 475
314  430 474
315  431 473
316  432 472
317  433 471
318  434 470
319  435 469
320  436 468
321  437 467
322  438 466
323  438 465
324  438 464
325  438 463
326  438 462
327  439 461
328  439 460
329  439 459
330  440 458
331  440 457
332  440 456
333  441 455
334  441 454
335  441 453
336  442 452
337  442 451
338  442 450
339  442 449
340  442 448
341  442 447
342  442 446
343  443 445
344  443 444
345  444 443
346  444 442
347  444 441
348  444 440
349  444 439
350  444 438
351  444 437
352  444 436
353  445 435
354  445 434
355  445 433
356  445 432
357  445 431
358  445 430
359  445 429
360  445 428
361  445 427
362  445 426
363  445 425
364  445 424
365  445 423
366  445 422
367  445 421
368  445 420
369  445 419
370  445 418
371  445 417
372  445 416
373  445 415
374  445 414
375  445 413
376  445 412
377  445 411
378  446 410
379  446 409
380  446 408
381  446 407
382  446 406
383  446 405
384  446 404
385  446 403
386  446 402
387  446 401
388  446 400
389  446 399
390  446 398
391  446 397
392  447 396
393  448 395
394  449 394
395  449 393
396  449 392
397  450 391
398  451 390
399  451 389
400  451 388
401  451 387
402  451 386
403  451 385
404  451 384
405  451 383
406  451 382
407  451 381
408  451 380
409  451 379
410  451 378
411  451 377
412  451 376
413  452 375
414  453 374
415  454 373
416  455 372
417  456 371
418  456 370
419  456 369
420  456 368
421  456 367
422  457 366
423  457 365
424  457 364
425  457 363
426  457 362
427  457 361
428  458 360
429  458 359
430  458 358
431  458 357
432  458 356
433  458 355
434  458 354
435  459 353
436  459 352
437  459 351
438  459 350
439  459 349
440  459 348
441  459 347
442  460 346
443  460 345
444  460 344
445  460 343
446  460 342
447  460 341
448  460 340
449  460 339
450  460 338
451  460 337
452  460 336
453  461 335
454  461 334
455  461 333
456  461 332
457  462 331
458  462 330
459  462 329
460  463 328
461  463 327
462  463 326
463  463 325
464  463 324
465  463 323
466  463 322
467  463 321
468  463 320
469  463 319
470  463 318
471  463 317
472  464 316
473  464 315
474  465 314
475  465 313
476  465 312
477  465 311
478  465 310
479  465 309
480  465 308
481  465 307
482  465 306
483  465 305
484  465 304
485  465 303
486  465 302
487  465 301
488  465 300
489  465 299
490  465 298
491  465 297
492  465 296
493  465 295
494  465 294
495  465 293
496  466 292
497  466 291
498  466 290
499  466 289
500  466 288
501  466 287
502  466 286
503  466 285
504  466 284
505  466 283
506  466 282
507  466 281
508  466 280
509  466 279
510  466 278
511  466 277
512  465 276
513  465 275
514  465 274
515  465 273
516  465 272
517  464 271
518  464 270
519  464 269
520  464 268
521  464 267
522  463 266
523  462 265
524  462 264
525  461 263
526  460 262
527  460 261
528  460 260
529  460 259
530  460 258
531  459 257
532  458 256
533  457 255
534  457 254
535  456 253
536  456 252
537  456 251
538  455 250
539  454 249
540  454 248
541  453 247
542  452 246
543  452 245
544  452 244
545  451 243
546  451 242
547  451 241
548  450 240
549  450 239
550  449 238
551  449 237
552  448 236
553  448 235
554  447 234
555  447 233
556  446 232
557  446 231
558  446 230
559  446 229
560  445 228
561  445 227
562  444 226
563  444 225
564  444 224
565  443 223
566  443 222
567  442 221
568  442 220
569  441 219
570  441 218
571  440 217
572  440 216
573  440 215
574  439 214
575  438 213
576  438 212
577  437 211
578  437 210
579  437 209
580  436 208
581  435 207
582  434 206
583  434 205
584  433 204
585  432 203
586  431 202
587  430 201
588  430 200
589  429 199
590  428 198
591  428 197
592  427 196
593  426 195
594  425 194
595  424 193
596  423 192
597  422 191
598  422 190
599  421 189
600  420 188
601  420 187
602  419 186
603  418 185
604  418 184
605  417 183
606  417 182
607  416 181
608  415 180
609  415 179
610  414 178
611  413 177
612  412 176
613  412 175
614  411 174
615  410 173
616  410 172
617  409 171
618  408 170
619  407 169
620  406 168
621  405 167
622  404 166
623  403 165
624  403 164
625  402 163
626  401 162
627  400 161
628  399 160
629  398 159
630  397 158
631  396 157
632  395 156
633  394 155
634  393 154
635  392 153
636  391 152
637  390 151
638  389 151
639  388 150
640  387 149
641  386 149
642  385 148
643  384 147
644  383 146
645  382 145
646  381 145
647  380 144
648  379 143
649  378 143
650  377 142
651  376 141
652  375 140
653  374 139
654  373 138
655  372 137
656  371 137
657  370 137
658  369 137
659  368 137
660  367 137
661  366 136
662  365 135
663  364 135
664  363 134
665  362 134
666  361 133
667  360 133
668  359 133
669  358 133
670  357 133
671  356 133
672  355 133
673  354 133
674  353 133
675  352 133
676  351 132
677  350 131
678  349 131
679  348 131
680  347 131
681  346 130
682  345 130
683  344 130
684  343 130
685  342 129
686  341 129
687  340 129
688  339 129
689  338 129
690  337 129
691  336 128
692  335 128
693  334 128
694  333 128
695  332 128
696  331 128
697  330 128
698  329 128
699  328 128
700  327 127
701  326 127
702  325 127
703  324 127
704  323 127
705  322 127
706  321 127
707  320 127
708  319 127
709  318 127
710  317 127
711  316 127
712  315 127
713  314 127
714  313 127
715  312 127
716  311 127
717  310 127
718  309 127
719  308 127
720  307 127
721  306 128
722  305 128
723  304 128
724  303 128
725  302 128
726  301 128
727  300 128
728  299 128
729  298 128
730  297 129
731  296 129
732  295 129
733  294 129
734  293 129
735  292 129
736  291 129
737  290 130
738  289 130
739  288 130
740  287 130
741  286 131
742  285 131
743  284 131
744  283 131
745  282 132
746  281 132
747  280 132
748  279 132
749  278 132
750  277 133
751  276 133
752  275 133
753  274 134
754  273 135
755  272 135
756  271 135
757  270 135
758  269 135
759  268 135
760  267 135
761  266 136
762  265 137
763  264 137
764  263 138
765  262 138
766  261 138
767  260 139
768  259 139
769  258 140
770  257 141
771  256 142
772  255 142
773  254 142
774  253 143
775  252 143
776  251 143
777  250 144
778  249 145
779  248 145
780  247 146
781  246 146
782  245 146
783  244 147
784  243 147
785  242 148
786  241 149
787  240 149
788  239 149
789  238 150
790  237 151
791  236 152
792  235 152
793  234 153
794  233 154
795  232 154
796  231 155
797  230 156
798  229 156
799  228 157
800  227 158
801  226 159
802  225 160
803  224 161
804  223 161
805  222 162
806  221 163
807  220 164
808  219 165
809  218 166
810  217 167
811  216 168
812  215 169
813  214 170
814  213 171
815  212 172
816  211 173
817  210 174
818  209 175
819  208 175
820  207 176
821  206 177
822  205 178
823  204 179
824  203 180
825  202 181
826  201 182
827  200 183
828  199 184
829  199 185
830  198 186
831  198 187
832  197 188
833  196 189
834  195 190
835  194 191
836  193 192
837  192 193
838  191 194
839  191 195
840  190 196
841  189 197
842  189 198
843  188 199
844  187 200
845  186 201
846  186 202
847  185 203
848  185 204
849  184 205
850  183 206
851  182 207
852  181 208
853  180 209
854  179 210
855  178 211
856  178 212
857  178 213
858  178 214
859  178 215
860  178 216
861  178 217
862  178 218
863  178 219
864  178 220
865  177 221
866  177 222
867  176 223
868  175 224
869  175 225
870  174 226
871  174 227
872  174 228
873  174 229
874  173 230
875  173 231
876  172 232
877  171 233
878  170 234
879  169 235
880  168 236
881  168 237
882  168 238
883  168 239
884  168 240
885  168 241
886  168 242
887  167 243
888  167 244
889  166 245
890  166 246
891  165 247
892  164 248
893  163 249
894  162 250
895  161 251
896  161 252
897  160 253
898  159 254
899  158 255
900  158 256
901  158 257
902  158 258
903  158 259
904  158 260
905  157 261
906  157 262
907  157 263
908  157 264
909  157 265
910  157 266
911  157 267
912  156 268
913  156 269
914  155 270
915  154 271
916  153 272
917  153 273
918  153 274
919  153 275
920  153 276
921  152 277
922  152 278
923  152 279
924  152 280
925  152 281
926  152 282
927  152 283
928  152 284
929  152 285
930  152 286
931  152 287
932  152 288
933  152 289
934  152 290
935  152 291
936  152 292
937  152 293
938  152 294
939  152 295
940  151 296
941  151 297
942  151 298
943  150 299
944  149 300
945  149 301
946  149 302
947  149 303
948  148 304
949  147 305
950  146 306
951  146 307
952  146 308
953  146 309
954  146 310
955  146 311
956  146 312
957  146 313
958  146 314
959  146 315
960  146 316
961  146 317
962  146 318
963  146 319
964  146 320
965  146 321
966  146 322
967  146 323
968  146 324
969  145 325
970  145 326
971  145 327
972  145 328
973  145 329
974  145 330
975  145 331
976  144 332
977  144 333
978  144 334
979  143 335
980  143 336
981  143 337
982  143 338
983  143 339
984  143 340
985  143 341
986  143 342
987  143 343
988  143 344
989  143 345
990  143 346
991  143 347
992  143 348
993  143 349
994  143 350
995  143 351
996  143 352
997  143 353
998  143 354
999  143 355
1000 143 356
1001 143 357
1002 143 358
1003 143 359
1004 143 360
1005 143 361
1006 143 362
1007 143 363
1008 143 364
1009 143 365
1010 143 366
1011 143 367
1012 143 368
1013 143 369
1014 143 370
1015 142 371
1016 142 372
1017 142 373
1018 141 374
1019 141 375
1020 141 376
1021 141 377
1022 141 378
1023 141 379
1024 141 380
1025 141 381
1026 141 382
1027 141 383
1028 141 384
1029 141 385
1030 141 386
1031 141 387
1032 141 388
1033 141 389
1034 141 390
1035 141 391
1036 141 392
1037 141 393
1038 141 394
1039 141 395
1040 141 396
1041 141 397
1042 141 398
1043 141 399
1044 141 400
1045 141 401
1046 141 402
1047 141 403
1048 141 404
1049 141 405
1050 141 406
1051 141 407
1052 141 408
1053 140 409
1054 140 410
1055 139 411
1056 138 412
1057 137 413
