name   x   y
1    142 264
2    142 265
3    142 266
4    142 267
5    142 268
6    142 269
7    142 270
8    142 271
9    142 272
10   142 273
11   142 274
12   142 275
13   142 276
14   142 277
15   142 278
16   142 279
17   142 280
18   142 281
19   142 282
20   142 283
21   142 284
22   142 285
23   142 286
24   142 287
25   142 288
26   142 289
27   143 290
28   143 291
29   143 292
30   143 293
31   143 294
32   143 295
33   143 296
34   143 297
35   143 298
36   143 299
37   143 300
38   143 301
39   143 302
40   143 303
41   143 304
42   143 305
43   144 306
44   144 307
45   145 308
46   145 309
47   146 310
48   146 311
49   146 312
50   146 313
51   146 314
52   146 315
53   146 316
54   146 317
55   146 318
56   146 319
57   146 320
58   146 321
59   146 322
60   146 323
61   146 324
62   146 325
63   146 326
64   146 327
65   146 328
66   146 329
67   147 330
68   147 331
69   147 332
70   148 333
71   148 334
72   148 335
73   149 336
74   149 337
75   149 338
76   149 339
77   149 340
78   150 341
79   150 342
80   150 343
81   150 344
82   150 345
83   150 346
84   150 347
85   150 348
86   150 349
87   150 350
88   151 351
89   151 352
90   152 353
91   152 354
92   152 355
93   153 356
94   153 357
95   153 358
96   153 359
97   153 360
98   153 361
99   154 362
100  154 363
101  155 364
102  155 365
103  155 366
104  156 367
105  156 368
106  156 369
107  156 370
108  157 371
109  157 372
110  158 373
111  158 374
112  159 375
113  159 376
114  159 377
115  160 378
116  160 379
117  160 380
118  161 381
119  161 382
120  161 383
121  162 384
122  162 385
123  163 386
124  163 387
125  163 388
126  164 389
127  164 390
128  164 391
129  164 392
130  164 393
131  164 394
132  164 395
133  165 396
134  166 397
135  166 398
136  167 399
137  167 400
138  167 401
139  168 402
140  168 403
141  169 404
142  169 405
143  170 406
144  170 407
145  170 408
146  170 409
147  170 410
148  170 411
149  171 412
150  171 413
151  172 414
152  173 415
153  173 416
154  174 417
155  174 418
156  174 419
157  174 420
158  175 421
159  176 422
160  176 423
161  177 424
162  178 425
163  179 426
164  180 427
165  181 428
166  182 429
167  183 430
168  184 431
169  185 432
170  186 433
171  187 434
172  188 435
173  189 436
174  190 437
175  191 438
176  192 439
177  192 440
178  193 441
179  194 442
180  195 443
181  195 444
182  195 445
183  195 446
184  195 447
185  195 448
186  196 449
187  197 450
188  198 451
189  199 452
190  200 453
191  201 454
192  202 455
193  203 456
194  203 457
195  203 458
196  203 459
197  203 460
198  203 461
199  204 462
200  204 463
201  204 464
202  204 465
203  204 466
204  204 467
205  204 468
206  204 469
207  204 470
208  204 471
209  204 472
210  204 473
211  204 474
212  204 475
213  205 476
214  206 477
215  207 478
216  208 479
217  209 480
218  210 481
219  211 482
220  212 483
221  213 483
222  214 483
223  215 483
224  216 483
225  217 483
226  218 483
227  219 483
228  220 483
229  221 483
230  222 483
231  223 483
232  224 483
233  225 483
234  226 483
235  227 482
236  228 481
237  229 480
238  230 479
239  231 479
240  232 479
241  233 479
242  234 479
243  235 478
244  236 478
245  237 477
246  238 476
247  239 475
248  240 475
249  241 474
250  242 474
251  243 473
252  244 472
253  245 471
254  246 471
255  247 470
256  248 469
257  249 469
258  250 468
259  251 467
260  252 466
261  253 465
262  254 464
263  255 463
264  256 462
265  257 461
266  258 461
267  259 460
268  260 460
269  261 459
270  262 459
271  263 458
272  264 458
273  265 457
274  266 457
275  267 457
276  268 457
277  269 456
278  270 456
279  271 455
280  272 455
281  273 454
282  274 454
283  275 453
284  276 453
285  277 453
286  278 452
287  279 452
288  280 452
289  281 451
290  282 451
291  283 451
292  284 450
293  285 450
294  286 450
295  287 449
296  288 449
297  289 448
298  290 448
299  291 448
300  292 448
301  293 447
302  294 447
303  295 446
304  296 446
305  297 445
306  298 445
307  299 444
308  300 444
309  301 443
310  302 443
311  303 443
312  304 442
313  305 442
314  306 441
315  307 441
316  308 441
317  309 440
318  310 440
319  311 440
320  312 440
321  313 439
322  314 439
323  315 438
324  316 438
325  317 438
326  318 438
327  319 438
328  320 438
329  321 437
330  322 437
331  323 436
332  324 436
333  325 436
334  326 436
335  327 436
336  328 435
337  329 435
338  330 435
339  331 435
340  332 435
341  333 435
342  334 435
343  335 435
344  336 435
345  337 435
346  338 435
347  339 435
348  340 435
349  341 435
350  342 434
351  343 433
352  344 432
353  345 432
354  346 432
355  347 431
356  348 430
357  349 430
358  350 429
359  351 429
360  352 429
361  353 429
362  354 429
363  355 429
364  356 429
365  357 429
366  358 429
367  359 429
368  360 429
369  361 429
370  362 429
371  363 429
372  364 429
373  365 429
374  366 429
375  367 429
376  368 429
377  369 429
378  370 428
379  371 427
380  372 427
381  373 427
382  374 427
383  375 427
384  376 427
385  377 427
386  378 427
387  379 427
388  380 427
389  381 427
390  382 427
391  383 427
392  384 427
393  385 427
394  386 428
395  387 429
396  388 430
397  389 430
398  390 430
399  391 430
400  392 430
401  393 430
402  394 430
403  395 430
404  396 430
405  397 431
406  398 431
407  399 432
408  400 433
409  401 433
410  402 434
411  403 435
412  404 435
413  405 435
414  406 435
415  407 435
416  408 435
417  409 436
418  410 436
419  411 436
420  412 436
421  413 437
422  414 437
423  415 438
424  416 438
425  417 438
426  418 438
427  419 438
428  420 438
429  421 438
430  422 438
431  423 439
432  424 440
433  425 440
434  426 440
435  427 440
436  428 441
437  429 441
438  430 441
439  431 442
440  432 442
441  433 442
442  434 442
443  435 443
444  436 444
445  437 445
446  438 445
447  439 445
448  440 445
449  441 445
450  442 445
451  443 445
452  444 445
453  445 445
454  446 445
455  447 445
456  448 445
457  449 445
458  450 445
459  451 445
460  452 445
461  453 444
462  454 443
463  455 442
464  456 441
465  457 440
466  458 439
467  459 438
468  460 437
469  461 436
470  461 435
471  461 434
472  461 433
473  461 432
474  461 431
475  461 430
476  461 429
477  461 428
478  461 427
479  461 426
480  461 425
481  461 424
482  461 423
483  460 422
484  460 421
485  460 420
486  460 419
487  460 418
488  460 417
489  460 416
490  460 415
491  460 414
492  460 413
493  460 412
494  460 411
495  460 410
496  460 409
497  460 408
498  460 407
499  460 406
500  460 405
501  460 404
502  460 403
503  460 402
504  460 401
505  460 400
506  460 399
507  460 398
508  460 397
509  460 396
510  460 395
511  459 394
512  458 393
513  458 392
514  458 391
515  458 390
516  458 389
517  458 388
518  458 387
519  458 386
520  458 385
521  458 384
522  458 383
523  458 382
524  458 381
525  458 380
526  458 379
527  459 378
528  459 377
529  459 376
530  459 375
531  459 374
532  459 373
533  459 372
534  459 371
535  459 370
536  459 369
537  459 368
538  460 367
539  460 366
540  460 365
541  460 364
542  460 363
543  460 362
544  460 361
545  460 360
546  460 359
547  460 358
548  460 357
549  460 356
550  460 355
551  460 354
552  460 353
553  460 352
554  460 351
555  460 350
556  460 349
557  460 348
558  460 347
559  460 346
560  460 345
561  460 344
562  460 343
563  460 342
564  460 341
565  460 340
566  460 339
567  460 338
568  460 337
569  460 336
570  460 335
571  459 334
572  459 333
573  459 332
574  459 331
575  459 330
576  459 329
577  459 328
578  459 327
579  459 326
580  459 325
581  459 324
582  459 323
583  459 322
584  459 321
585  459 320
586  459 319
587  459 318
588  459 317
589  459 316
590  459 315
591  459 314
592  459 313
593  458 312
594  458 311
595  458 310
596  458 309
597  458 308
598  458 307
599  458 306
600  458 305
601  458 304
602  458 303
603  458 302
604  458 301
605  458 300
606  458 299
607  459 298
608  460 297
609  461 296
610  461 295
611  461 294
612  461 293
613  461 292
614  461 291
615  461 290
616  461 289
617  461 288
618  461 287
619  461 286
620  461 285
621  461 284
622  461 283
623  460 282
624  459 281
625  459 280
626  459 279
627  459 278
628  459 277
629  459 276
630  459 275
631  458 274
632  458 273
633  457 272
634  457 271
635  457 270
636  457 269
637  457 268
638  457 267
639  456 266
640  456 265
641  455 264
642  455 263
643  454 262
644  454 261
645  453 260
646  453 259
647  452 258
648  452 257
649  452 256
650  451 255
651  450 254
652  450 253
653  449 252
654  449 251
655  449 250
656  448 249
657  448 248
658  448 247
659  447 246
660  447 245
661  446 244
662  446 243
663  446 242
664  445 241
665  444 240
666  444 239
667  443 238
668  443 237
669  442 236
670  442 235
671  441 234
672  440 233
673  440 232
674  439 231
675  439 230
676  438 229
677  437 228
678  437 227
679  436 226
680  436 225
681  435 224
682  435 223
683  434 222
684  433 221
685  432 220
686  431 219
687  430 218
688  430 217
689  429 216
690  429 215
691  429 214
692  429 213
693  428 212
694  427 211
695  426 210
696  426 209
697  425 208
698  425 207
699  425 206
700  424 205
701  424 204
702  423 203
703  422 202
704  421 201
705  420 200
706  419 199
707  419 198
708  418 197
709  417 196
710  417 195
711  416 194
712  416 193
713  415 192
714  414 191
715  413 190
716  412 189
717  411 188
718  410 187
719  409 186
720  409 185
721  408 184
722  407 183
723  406 182
724  406 181
725  406 180
726  406 179
727  406 178
728  406 177
729  405 176
730  405 175
731  404 174
732  404 173
733  403 172
734  403 171
735  402 170
736  401 169
737  400 168
738  399 167
739  399 166
740  398 165
741  397 164
742  396 163
743  395 162
744  394 161
745  393 160
746  392 159
747  391 158
748  390 157
749  389 157
750  388 157
751  387 157
752  386 157
753  385 156
754  384 155
755  383 154
756  382 153
757  381 153
758  380 152
759  379 151
760  378 150
761  377 150
762  376 150
763  375 150
764  374 150
765  373 150
766  372 150
767  371 149
768  370 149
769  369 148
770  368 147
771  367 146
772  366 145
773  365 145
774  364 145
775  363 144
776  362 144
777  361 143
778  360 143
779  359 142
780  358 141
781  357 140
782  356 140
783  355 139
784  354 139
785  353 138
786  352 138
787  351 137
788  350 137
789  349 136
790  348 135
791  347 135
792  346 135
793  345 135
794  344 134
795  343 134
796  342 134
797  341 133
798  340 133
799  339 133
800  338 132
801  337 132
802  336 131
803  335 131
804  334 131
805  333 130
806  332 130
807  331 130
808  330 129
809  329 129
810  328 129
811  327 128
812  326 128
813  325 128
814  324 127
815  323 127
816  322 127
817  321 127
818  320 126
819  319 126
820  318 126
821  317 126
822  316 125
823  315 124
824  314 124
825  313 124
826  312 124
827  311 123
828  310 123
829  309 123
830  308 122
831  307 122
832  306 121
833  305 121
834  304 121
835  303 121
836  302 121
837  301 121
838  300 121
839  299 121
840  298 121
841  297 121
842  296 120
843  295 120
844  294 119
845  293 119
846  292 119
847  291 119
848  290 119
849  289 119
850  288 119
851  287 119
852  286 119
853  285 119
854  284 119
855  283 119
856  282 119
857  281 119
858  280 119
859  279 120
860  278 120
861  277 120
862  276 120
863  275 120
864  274 120
865  273 120
866  272 120
867  271 120
868  270 120
869  269 120
870  268 120
871  267 120
872  266 121
873  265 121
874  264 121
875  263 122
876  262 122
877  261 122
878  260 122
879  259 122
880  258 123
881  257 123
882  256 123
883  255 123
884  254 124
885  253 124
886  252 124
887  251 124
888  250 125
889  249 125
890  248 126
891  247 126
892  246 126
893  245 126
894  244 126
895  243 127
896  242 127
897  241 128
898  240 128
899  239 128
900  238 128
901  237 129
902  236 130
903  235 131
904  234 131
905  233 132
906  232 132
907  231 132
908  230 132
909  229 132
910  228 132
911  227 133
912  226 134
913  225 135
914  224 136
915  223 137
916  222 138
917  221 139
918  220 140
919  219 141
920  218 142
921  217 143
922  216 144
923  215 145
924  214 146
925  213 147
926  212 148
927  211 149
928  210 150
929  209 151
930  208 152
931  207 153
932  206 154
933  205 155
934  204 156
935  203 156
936  202 157
937  201 158
938  200 159
939  199 160
940  198 161
941  197 162
942  196 163
943  195 164
944  194 165
945  193 166
946  193 167
947  192 168
948  192 169
949  191 170
950  190 171
951  189 172
952  188 173
953  187 174
954  186 175
955  185 176
956  184 177
957  183 178
958  182 179
959  181 180
960  181 181
961  180 182
962  180 183
963  179 184
964  178 185
965  178 186
966  177 187
967  176 188
968  175 189
969  174 190
970  173 191
971  172 192
972  172 193
973  171 194
974  170 195
975  170 196
976  169 197
977  169 198
978  168 199
979  168 200
980  167 201
981  166 202
982  166 203
983  165 204
984  165 205
985  164 206
986  164 207
987  163 208
988  162 209
989  162 210
990  162 211
991  161 212
992  161 213
993  160 214
994  160 215
995  159 216
996  159 217
997  158 218
998  158 219
999  157 220
1000 157 221
1001 156 222
1002 156 223
1003 155 224
1004 155 225
1005 155 226
1006 154 227
1007 154 228
1008 153 229
1009 153 230
1010 152 231
1011 152 232
1012 152 233
1013 151 234
1014 151 235
1015 151 236
1016 150 237
1017 150 238
1018 150 239
1019 149 240
1020 148 241
1021 148 242
1022 147 243
1023 147 244
1024 146 245
1025 146 246
1026 146 247
1027 146 248
1028 146 249
1029 145 250
1030 145 251
1031 145 252
1032 145 253
1033 144 254
1034 144 255
1035 144 256
1036 144 257
1037 143 258
1038 143 259
1039 143 260
1040 143 261
1041 143 262
1042 143 263
