name   x   y
1    122 286
2    122 287
3    122 288
4    122 289
5    122 290
6    122 291
7    122 292
8    122 293
9    122 294
10   122 295
11   122 296
12   122 297
13   122 298
14   122 299
15   122 300
16   122 301
17   122 302
18   122 303
19   123 304
20   123 305
21   124 306
22   124 307
23   125 308
24   125 309
25   125 310
26   125 311
27   125 312
28   125 313
29   125 314
30   125 315
31   125 316
32   125 317
33   125 318
34   125 319
35   125 320
36   125 321
37   125 322
38   125 323
39   125 324
40   125 325
41   125 326
42   125 327
43   125 328
44   126 329
45   127 330
46   128 331
47   129 332
48   130 333
49   131 334
50   131 335
51   131 336
52   131 337
53   131 338
54   131 339
55   131 340
56   131 341
57   131 342
58   131 343
59   131 344
60   131 345
61   131 346
62   131 347
63   131 348
64   131 349
65   132 350
66   133 351
67   133 352
68   133 353
69   133 354
70   133 355
71   133 356
72   133 357
73   133 358
74   133 359
75   133 360
76   133 361
77   133 362
78   133 363
79   133 364
80   133 365
81   133 366
82   133 367
83   133 368
84   133 369
85   133 370
86   133 371
87   133 372
88   133 373
89   133 374
90   133 375
91   132 376
92   132 377
93   132 378
94   132 379
95   132 380
96   132 381
97   132 382
98   132 383
99   132 384
100  132 385
101  132 386
102  132 387
103  132 388
104  133 389
105  134 390
106  134 391
107  134 392
108  134 393
109  135 394
110  136 395
111  137 396
112  138 397
113  139 398
114  140 399
115  141 400
116  142 401
117  142 402
118  142 403
119  142 404
120  142 405
121  142 406
122  142 407
123  142 408
124  142 409
125  142 410
126  142 411
127  142 412
128  142 413
129  142 414
130  142 415
131  142 416
132  142 417
133  142 418
134  142 419
135  143 420
136  144 421
137  145 422
138  146 423
139  146 424
140  146 425
141  146 426
142  146 427
143  146 428
144  146 429
145  146 430
146  146 431
147  147 432
148  148 433
149  149 434
150  150 435
151  151 436
152  152 437
153  153 438
154  154 439
155  155 440
156  155 441
157  156 442
158  156 443
159  156 444
160  156 445
161  156 446
162  156 447
163  156 448
164  156 449
165  156 450
166  156 451
167  156 452
168  156 453
169  156 454
170  156 455
171  156 456
172  157 457
173  158 458
174  159 459
175  160 460
176  161 461
177  162 462
178  163 463
179  164 464
180  165 465
181  166 466
182  166 467
183  166 468
184  167 469
185  168 470
186  168 471
187  169 472
188  170 473
189  171 474
190  172 475
191  173 476
192  174 477
193  175 478
194  176 479
195  176 480
196  176 481
197  176 482
198  177 483
199  177 484
200  177 485
201  177 486
202  177 487
203  177 488
204  177 489
205  177 490
206  177 491
207  177 492
208  177 493
209  177 494
210  178 495
211  179 496
212  180 497
213  181 498
214  182 499
215  183 500
216  184 501
217  185 502
218  186 503
219  187 503
220  188 504
221  189 505
222  190 506
223  191 506
224  192 507
225  193 508
226  194 509
227  195 509
228  196 509
229  197 509
230  198 509
231  199 509
232  200 509
233  201 509
234  202 509
235  203 509
236  204 509
237  205 509
238  206 509
239  207 508
240  208 507
241  209 506
242  210 505
243  211 504
244  212 503
245  213 502
246  214 501
247  215 500
248  216 499
249  217 498
250  218 497
251  219 496
252  220 495
253  221 495
254  222 495
255  223 495
256  224 495
257  225 495
258  226 494
259  227 494
260  228 494
261  229 494
262  230 494
263  231 493
264  232 493
265  233 493
266  234 492
267  235 491
268  236 490
269  237 489
270  238 488
271  239 487
272  240 487
273  241 487
274  242 487
275  243 487
276  244 486
277  245 485
278  246 485
279  247 485
280  248 485
281  249 485
282  250 485
283  251 484
284  252 483
285  253 482
286  254 481
287  255 481
288  256 480
289  257 480
290  258 479
291  259 479
292  260 479
293  261 479
294  262 479
295  263 479
296  264 479
297  265 479
298  266 479
299  267 479
300  268 479
301  269 479
302  270 479
303  271 478
304  272 478
305  273 478
306  274 478
307  275 478
308  276 478
309  277 478
310  278 478
311  279 478
312  280 478
313  281 478
314  282 478
315  283 478
316  284 478
317  285 478
318  286 478
319  287 478
320  288 478
321  289 478
322  290 478
323  291 477
324  292 477
325  293 477
326  294 477
327  295 477
328  296 477
329  297 477
330  298 477
331  299 477
332  300 477
333  301 477
334  302 477
335  303 477
336  304 477
337  305 477
338  306 477
339  307 477
340  308 477
341  309 477
342  310 477
343  311 477
344  312 477
345  313 476
346  314 475
347  315 474
348  316 473
349  317 472
350  318 471
351  319 471
352  320 471
353  321 471
354  322 471
355  323 471
356  324 471
357  325 471
358  326 471
359  327 471
360  328 471
361  329 471
362  330 471
363  331 471
364  332 471
365  333 471
366  334 471
367  335 471
368  336 471
369  337 471
370  338 471
371  339 471
372  340 471
373  341 471
374  342 470
375  343 469
376  344 468
377  345 467
378  346 466
379  347 465
380  348 465
381  349 464
382  350 464
383  351 464
384  352 464
385  353 464
386  354 464
387  355 464
388  356 464
389  357 464
390  358 464
391  359 463
392  360 463
393  361 463
394  362 463
395  363 463
396  364 463
397  365 463
398  366 463
399  367 463
400  368 463
401  369 463
402  370 463
403  371 463
404  372 463
405  373 463
406  374 463
407  375 463
408  376 464
409  377 464
410  378 465
411  379 465
412  380 465
413  381 465
414  382 465
415  383 465
416  384 465
417  385 465
418  386 465
419  387 465
420  388 465
421  389 465
422  390 465
423  391 465
424  392 465
425  393 465
426  394 465
427  395 465
428  396 465
429  397 465
430  398 465
431  399 465
432  400 465
433  401 465
434  402 466
435  403 467
436  404 468
437  405 469
438  406 469
439  407 469
440  408 469
441  409 469
442  410 469
443  411 469
444  412 469
445  413 469
446  414 469
447  415 469
448  416 469
449  417 469
450  418 469
451  419 469
452  420 468
453  421 468
454  422 467
455  423 466
456  424 465
457  425 464
458  426 463
459  427 462
460  428 461
461  429 460
462  430 459
463  431 459
464  432 458
465  433 458
466  434 457
467  435 456
468  436 455
469  437 454
470  438 453
471  439 452
472  440 451
473  441 450
474  441 449
475  441 448
476  442 447
477  442 446
478  442 445
479  442 444
480  442 443
481  443 442
482  444 441
483  445 440
484  446 439
485  447 438
486  448 437
487  449 436
488  450 435
489  451 434
490  452 433
491  453 432
492  454 431
493  455 430
494  456 429
495  457 428
496  457 427
497  457 426
498  457 425
499  457 424
500  457 423
501  457 422
502  457 421
503  457 420
504  457 419
505  457 418
506  457 417
507  458 416
508  459 415
509  460 414
510  461 413
511  462 412
512  463 411
513  463 410
514  463 409
515  463 408
516  463 407
517  463 406
518  463 405
519  463 404
520  463 403
521  463 402
522  463 401
523  464 400
524  465 399
525  466 398
526  467 397
527  468 396
528  469 395
529  470 394
530  471 393
531  472 392
532  473 391
533  473 390
534  473 389
535  473 388
536  473 387
537  473 386
538  473 385
539  473 384
540  473 383
541  473 382
542  473 381
543  473 380
544  474 379
545  474 378
546  474 377
547  475 376
548  475 375
549  475 374
550  476 373
551  477 372
552  477 371
553  477 370
554  477 369
555  478 368
556  478 367
557  478 366
558  478 365
559  478 364
560  478 363
561  479 362
562  479 361
563  480 360
564  480 359
565  480 358
566  480 357
567  480 356
568  480 355
569  480 354
570  480 353
571  480 352
572  480 351
573  480 350
574  480 349
575  480 348
576  480 347
577  480 346
578  480 345
579  480 344
580  480 343
581  480 342
582  480 341
583  480 340
584  480 339
585  480 338
586  480 337
587  480 336
588  480 335
589  480 334
590  480 333
591  480 332
592  480 331
593  480 330
594  480 329
595  479 328
596  479 327
597  479 326
598  479 325
599  479 324
600  479 323
601  479 322
602  479 321
603  479 320
604  479 319
605  479 318
606  479 317
607  479 316
608  479 315
609  479 314
610  479 313
611  479 312
612  479 311
613  479 310
614  479 309
615  479 308
616  479 307
617  479 306
618  479 305
619  479 304
620  478 303
621  478 302
622  478 301
623  477 300
624  476 299
625  476 298
626  476 297
627  476 296
628  476 295
629  476 294
630  476 293
631  476 292
632  475 291
633  475 290
634  475 289
635  475 288
636  475 287
637  475 286
638  475 285
639  475 284
640  475 283
641  475 282
642  475 281
643  475 280
644  475 279
645  475 278
646  474 277
647  473 276
648  473 275
649  473 274
650  473 273
651  473 272
652  473 271
653  473 270
654  473 269
655  473 268
656  473 267
657  473 266
658  473 265
659  473 264
660  473 263
661  473 262
662  473 261
663  472 260
664  472 259
665  472 258
666  472 257
667  472 256
668  471 255
669  471 254
670  470 253
671  470 252
672  470 251
673  470 250
674  470 249
675  470 248
676  469 247
677  469 246
678  469 245
679  469 244
680  469 243
681  468 242
682  468 241
683  468 240
684  467 239
685  467 238
686  467 237
687  466 236
688  466 235
689  466 234
690  466 233
691  465 232
692  465 231
693  465 230
694  465 229
695  465 228
696  464 227
697  464 226
698  464 225
699  464 224
700  464 223
701  464 222
702  463 221
703  462 220
704  462 219
705  462 218
706  461 217
707  461 216
708  460 215
709  460 214
710  459 213
711  459 212
712  459 211
713  459 210
714  458 209
715  458 208
716  457 207
717  456 206
718  455 205
719  454 204
720  453 203
721  453 202
722  453 201
723  452 200
724  452 199
725  451 198
726  451 197
727  451 196
728  450 195
729  450 194
730  449 193
731  448 192
732  447 191
733  446 190
734  445 189
735  445 188
736  445 187
737  445 186
738  445 185
739  445 184
740  445 183
741  444 182
742  443 181
743  442 180
744  441 179
745  440 178
746  440 177
747  439 176
748  438 175
749  437 174
750  436 173
751  435 172
752  434 171
753  433 170
754  433 169
755  432 168
756  432 167
757  431 166
758  430 165
759  429 164
760  429 163
761  429 162
762  428 161
763  427 160
764  427 159
765  426 158
766  425 157
767  424 156
768  423 155
769  422 154
770  421 153
771  421 152
772  420 151
773  419 150
774  418 149
775  417 148
776  417 147
777  416 146
778  415 145
779  414 144
780  413 143
781  412 142
782  411 141
783  410 140
784  409 139
785  408 138
786  407 137
787  406 136
788  405 135
789  404 134
790  403 133
791  402 132
792  401 131
793  400 130
794  399 129
795  398 128
796  397 127
797  396 126
798  395 125
799  394 124
800  393 123
801  392 123
802  391 122
803  390 122
804  389 122
805  388 121
806  387 121
807  386 121
808  385 120
809  384 119
810  383 118
811  382 117
812  381 116
813  380 115
814  379 115
815  378 114
816  377 113
817  376 113
818  375 113
819  374 113
820  373 112
821  372 112
822  371 111
823  370 111
824  369 111
825  368 110
826  367 110
827  366 109
828  365 109
829  364 109
830  363 109
831  362 108
832  361 108
833  360 108
834  359 107
835  358 107
836  357 106
837  356 106
838  355 105
839  354 105
840  353 104
841  352 104
842  351 104
843  350 103
844  349 103
845  348 103
846  347 102
847  346 102
848  345 102
849  344 102
850  343 101
851  342 101
852  341 101
853  340 100
854  339 99
855  338 99
856  337 99
857  336 99
858  335 99
859  334 99
860  333 98
861  332 98
862  331 98
863  330 98
864  329 98
865  328 98
866  327 97
867  326 97
868  325 97
869  324 97
870  323 97
871  322 97
872  321 96
873  320 96
874  319 96
875  318 96
876  317 96
877  316 95
878  315 95
879  314 95
880  313 95
881  312 95
882  311 95
883  310 95
884  309 95
885  308 95
886  307 95
887  306 95
888  305 95
889  304 95
890  303 94
891  302 94
892  301 94
893  300 94
894  299 94
895  298 94
896  297 94
897  296 94
898  295 94
899  294 94
900  293 94
901  292 94
902  291 94
903  290 94
904  289 94
905  288 94
906  287 94
907  286 94
908  285 94
909  284 94
910  283 95
911  282 95
912  281 95
913  280 95
914  279 95
915  278 95
916  277 96
917  276 96
918  275 96
919  274 96
920  273 96
921  272 96
922  271 96
923  270 96
924  269 96
925  268 96
926  267 96
927  266 96
928  265 96
929  264 96
930  263 97
931  262 97
932  261 97
933  260 98
934  259 98
935  258 98
936  257 99
937  256 99
938  255 100
939  254 100
940  253 100
941  252 101
942  251 101
943  250 101
944  249 101
945  248 101
946  247 101
947  246 101
948  245 102
949  244 103
950  243 103
951  242 104
952  241 105
953  240 105
954  239 105
955  238 105
956  237 106
957  236 106
958  235 107
959  234 108
960  233 108
961  232 109
962  231 110
963  230 110
964  229 111
965  228 111
966  227 112
967  226 113
968  225 113
969  224 113
970  223 114
971  222 115
972  221 116
973  220 116
974  219 117
975  218 117
976  217 117
977  216 118
978  215 118
979  214 119
980  213 120
981  212 121
982  211 122
983  210 123
984  209 124
985  208 125
986  207 125
987  206 125
988  205 126
989  204 126
990  203 127
991  202 128
992  201 129
993  200 130
994  199 131
995  198 132
996  197 133
997  196 134
998  195 135
999  194 136
1000 193 137
1001 192 138
1002 191 138
1003 190 138
1004 189 139
1005 188 140
1006 187 141
1007 186 142
1008 185 143
1009 184 144
1010 183 145
1011 182 146
1012 182 147
1013 181 148
1014 180 149
1015 180 150
1016 179 151
1017 178 152
1018 177 153
1019 176 154
1020 175 155
1021 174 156
1022 173 157
1023 172 158
1024 171 159
1025 170 160
1026 169 161
1027 169 162
1028 168 163
1029 168 164
1030 167 165
1031 166 166
1032 166 167
1033 166 168
1034 166 169
1035 165 170
1036 164 171
1037 163 172
1038 162 173
1039 161 174
1040 160 175
1041 159 176
1042 159 177
1043 159 178
1044 158 179
1045 158 180
1046 157 181
1047 157 182
1048 156 183
1049 155 184
1050 154 185
1051 154 186
1052 154 187
1053 154 188
1054 153 189
1055 152 190
1056 152 191
1057 151 192
1058 150 193
1059 150 194
1060 149 195
1061 149 196
1062 149 197
1063 149 198
1064 148 199
1065 147 200
1066 147 201
1067 146 202
1068 146 203
1069 146 204
1070 146 205
1071 146 206
1072 145 207
1073 144 208
1074 144 209
1075 143 210
1076 142 211
1077 141 212
1078 141 213
1079 141 214
1080 141 215
1081 141 216
1082 141 217
1083 141 218
1084 141 219
1085 140 220
1086 139 221
1087 139 222
1088 139 223
1089 138 224
1090 138 225
1091 138 226
1092 137 227
1093 137 228
1094 136 229
1095 136 230
1096 136 231
1097 136 232
1098 136 233
1099 136 234
1100 135 235
1101 135 236
1102 134 237
1103 134 238
1104 133 239
1105 133 240
1106 133 241
1107 132 242
1108 132 243
1109 131 244
1110 131 245
1111 131 246
1112 131 247
1113 130 248
1114 130 249
1115 130 250
1116 130 251
1117 130 252
1118 129 253
1119 129 254
1120 128 255
1121 128 256
1122 128 257
1123 128 258
1124 128 259
1125 128 260
1126 128 261
1127 127 262
1128 127 263
1129 126 264
1130 126 265
1131 126 266
1132 126 267
1133 126 268
1134 125 269
1135 125 270
1136 125 271
1137 125 272
1138 125 273
1139 124 274
1140 124 275
1141 124 276
1142 124 277
1143 124 278
1144 123 279
1145 123 280
1146 123 281
1147 123 282
1148 123 283
1149 123 284
1150 123 285
