name   x   y
1    114 340
2    114 341
3    114 342
4    114 343
5    114 344
6    114 345
7    114 346
8    114 347
9    114 348
10   114 349
11   114 350
12   114 351
13   114 352
14   115 353
15   115 354
16   115 355
17   115 356
18   115 357
19   115 358
20   115 359
21   115 360
22   115 361
23   115 362
24   115 363
25   115 364
26   115 365
27   115 366
28   115 367
29   115 368
30   116 369
31   117 370
32   118 371
33   119 372
34   120 373
35   121 374
36   121 375
37   121 376
38   121 377
39   121 378
40   121 379
41   121 380
42   121 381
43   121 382
44   121 383
45   121 384
46   121 385
47   121 386
48   121 387
49   121 388
50   121 389
51   121 390
52   121 391
53   121 392
54   122 393
55   122 394
56   123 395
57   123 396
58   123 397
59   123 398
60   123 399
61   123 400
62   123 401
63   123 402
64   124 403
65   124 404
66   124 405
67   124 406
68   124 407
69   124 408
70   124 409
71   125 410
72   125 411
73   126 412
74   126 413
75   127 414
76   127 415
77   127 416
78   128 417
79   129 418
80   130 419
81   131 420
82   131 421
83   131 422
84   131 423
85   131 424
86   131 425
87   131 426
88   132 427
89   133 428
90   133 429
91   134 430
92   134 431
93   134 432
94   134 433
95   135 434
96   136 435
97   137 436
98   137 437
99   137 438
100  138 439
101  138 440
102  139 441
103  139 442
104  139 443
105  139 444
106  140 445
107  141 446
108  142 447
109  143 448
110  144 449
111  145 450
112  145 451
113  145 452
114  146 453
115  147 454
116  147 455
117  147 456
118  147 457
119  147 458
120  148 459
121  149 460
122  149 461
123  149 462
124  150 463
125  151 464
126  152 465
127  153 466
128  154 467
129  155 468
130  156 469
131  157 470
132  158 471
133  159 472
134  160 473
135  161 474
136  161 475
137  161 476
138  161 477
139  161 478
140  162 479
141  162 480
142  163 481
143  164 482
144  165 483
145  166 484
146  167 485
147  168 486
148  169 487
149  170 488
150  171 489
151  172 490
152  173 490
153  174 490
154  175 490
155  176 490
156  177 490
157  178 490
158  179 490
159  180 490
160  181 490
161  182 490
162  183 490
163  184 490
164  185 490
165  186 489
166  187 489
167  188 489
168  189 489
169  190 488
170  191 488
171  192 488
172  193 487
173  194 487
174  195 487
175  196 487
176  197 487
177  198 487
178  199 487
179  200 486
180  201 485
181  202 485
182  203 485
183  204 484
184  205 484
185  206 484
186  207 484
187  208 484
188  209 484
189  210 483
190  211 483
191  212 483
192  213 483
193  214 483
194  215 483
195  216 483
196  217 483
197  218 483
198  219 483
199  220 483
200  221 483
201  222 483
202  223 483
203  224 483
204  225 483
205  226 483
206  227 483
207  228 484
208  229 485
209  230 486
210  231 487
211  232 488
212  233 488
213  234 488
214  235 488
215  236 489
216  237 490
217  238 491
218  239 491
219  240 491
220  241 491
221  242 492
222  243 492
223  244 492
224  245 493
225  246 493
226  247 493
227  248 494
228  249 494
229  250 494
230  251 494
231  252 494
232  253 494
233  254 494
234  255 494
235  256 495
236  257 495
237  258 495
238  259 495
239  260 496
240  261 496
241  262 496
242  263 496
243  264 496
244  265 496
245  266 496
246  267 496
247  268 496
248  269 497
249  270 497
250  271 497
251  272 497
252  273 497
253  274 497
254  275 498
255  276 498
256  277 498
257  278 498
258  279 499
259  280 499
260  281 499
261  282 500
262  283 501
263  284 501
264  285 502
265  286 502
266  287 502
267  288 502
268  289 503
269  290 503
270  291 504
271  292 504
272  293 504
273  294 504
274  295 504
275  296 504
276  297 505
277  298 505
278  299 506
279  300 507
280  301 508
281  302 509
282  303 510
283  304 511
284  305 512
285  306 513
286  307 514
287  308 515
288  309 516
289  310 517
290  311 518
291  312 519
292  313 520
293  314 520
294  315 520
295  316 521
296  317 522
297  318 523
298  319 523
299  320 524
300  321 524
301  322 525
302  323 526
303  324 527
304  325 527
305  326 528
306  327 528
307  328 528
308  329 528
309  330 528
310  331 528
311  332 528
312  333 528
313  334 528
314  335 528
315  336 528
316  337 528
317  338 528
318  339 528
319  340 528
320  341 528
321  342 527
322  343 527
323  344 527
324  345 527
325  346 527
326  347 527
327  348 527
328  349 527
329  350 527
330  351 527
331  352 527
332  353 527
333  354 527
334  355 527
335  356 527
336  357 527
337  358 527
338  359 527
339  360 527
340  361 527
341  362 527
342  363 527
343  364 527
344  365 527
345  366 527
346  367 527
347  368 526
348  369 525
349  370 525
350  371 524
351  372 523
352  373 522
353  374 521
354  375 520
355  376 519
356  377 518
357  378 517
358  379 516
359  380 515
360  381 514
361  382 513
362  383 512
363  384 511
364  385 510
365  386 509
366  387 508
367  388 507
368  389 506
369  390 505
370  391 504
371  392 503
372  393 502
373  394 501
374  394 500
375  394 499
376  394 498
377  394 497
378  394 496
379  394 495
380  394 494
381  394 493
382  394 492
383  394 491
384  394 490
385  394 489
386  394 488
387  394 487
388  394 486
389  394 485
390  394 484
391  394 483
392  395 482
393  396 481
394  397 480
395  398 479
396  399 478
397  400 477
398  401 476
399  402 475
400  403 474
401  404 473
402  405 472
403  406 471
404  407 470
405  408 469
406  408 468
407  409 467
408  410 466
409  411 465
410  412 464
411  413 463
412  414 462
413  415 461
414  416 460
415  417 459
416  418 458
417  419 458
418  420 458
419  421 458
420  422 458
421  423 458
422  424 458
423  425 458
424  426 458
425  427 457
426  428 456
427  429 455
428  430 454
429  431 453
430  432 452
431  433 451
432  434 450
433  435 449
434  436 448
435  437 447
436  437 446
437  438 445
438  438 444
439  438 443
440  439 442
441  439 441
442  440 440
443  441 439
444  441 438
445  442 437
446  443 436
447  444 435
448  445 434
449  446 433
450  446 432
451  447 431
452  447 430
453  448 429
454  448 428
455  449 427
456  450 426
457  451 425
458  451 424
459  452 423
460  453 422
461  453 421
462  454 420
463  454 419
464  455 418
465  456 417
466  456 416
467  457 415
468  457 414
469  457 413
470  457 412
471  458 411
472  458 410
473  459 409
474  460 408
475  460 407
476  460 406
477  461 405
478  461 404
479  462 403
480  462 402
481  463 401
482  464 400
483  464 399
484  464 398
485  465 397
486  466 396
487  466 395
488  467 394
489  467 393
490  467 392
491  467 391
492  468 390
493  468 389
494  468 388
495  469 387
496  469 386
497  470 385
498  471 384
499  471 383
500  471 382
501  472 381
502  472 380
503  473 379
504  473 378
505  474 377
506  474 376
507  474 375
508  474 374
509  475 373
510  475 372
511  475 371
512  476 370
513  476 369
514  476 368
515  476 367
516  476 366
517  477 365
518  477 364
519  477 363
520  478 362
521  478 361
522  478 360
523  479 359
524  479 358
525  480 357
526  480 356
527  480 355
528  480 354
529  480 353
530  481 352
531  481 351
532  481 350
533  481 349
534  481 348
535  482 347
536  482 346
537  483 345
538  483 344
539  483 343
540  484 342
541  484 341
542  484 340
543  485 339
544  485 338
545  485 337
546  485 336
547  485 335
548  485 334
549  486 333
550  486 332
551  486 331
552  486 330
553  486 329
554  486 328
555  486 327
556  486 326
557  487 325
558  487 324
559  487 323
560  487 322
561  487 321
562  487 320
563  487 319
564  487 318
565  487 317
566  487 316
567  487 315
568  488 314
569  488 313
570  488 312
571  488 311
572  488 310
573  488 309
574  488 308
575  488 307
576  489 306
577  489 305
578  489 304
579  489 303
580  489 302
581  489 301
582  489 300
583  489 299
584  489 298
585  489 297
586  489 296
587  489 295
588  489 294
589  488 293
590  488 292
591  488 291
592  488 290
593  488 289
594  488 288
595  488 287
596  488 286
597  488 285
598  488 284
599  488 283
600  488 282
601  488 281
602  488 280
603  488 279
604  488 278
605  487 277
606  487 276
607  487 275
608  487 274
609  487 273
610  487 272
611  487 271
612  487 270
613  487 269
614  487 268
615  487 267
616  487 266
617  487 265
618  487 264
619  487 263
620  487 262
621  487 261
622  487 260
623  487 259
624  487 258
625  487 257
626  486 256
627  486 255
628  486 254
629  486 253
630  486 252
631  486 251
632  485 250
633  485 249
634  485 248
635  485 247
636  485 246
637  484 245
638  484 244
639  484 243
640  484 242
641  483 241
642  483 240
643  483 239
644  483 238
645  482 237
646  482 236
647  482 235
648  482 234
649  482 233
650  482 232
651  482 231
652  481 230
653  481 229
654  480 228
655  480 227
656  480 226
657  479 225
658  479 224
659  479 223
660  478 222
661  478 221
662  478 220
663  478 219
664  478 218
665  477 217
666  477 216
667  477 215
668  476 214
669  476 213
670  476 212
671  475 211
672  475 210
673  475 209
674  475 208
675  474 207
676  474 206
677  474 205
678  473 204
679  473 203
680  473 202
681  473 201
682  472 200
683  472 199
684  471 198
685  471 197
686  471 196
687  470 195
688  469 194
689  469 193
690  469 192
691  469 191
692  468 190
693  468 189
694  468 188
695  467 187
696  467 186
697  466 185
698  466 184
699  465 183
700  465 182
701  465 181
702  464 180
703  464 179
704  464 178
705  464 177
706  463 176
707  463 175
708  462 174
709  462 173
710  461 172
711  461 171
712  461 170
713  461 169
714  461 168
715  460 167
716  460 166
717  459 165
718  459 164
719  459 163
720  458 162
721  457 161
722  457 160
723  457 159
724  456 158
725  455 157
726  455 156
727  454 155
728  454 154
729  453 153
730  453 152
731  452 151
732  452 150
733  451 149
734  450 148
735  450 147
736  449 146
737  449 145
738  449 144
739  448 143
740  447 142
741  446 141
742  446 140
743  445 139
744  444 138
745  443 137
746  443 136
747  443 135
748  442 134
749  441 133
750  440 132
751  440 131
752  439 130
753  438 129
754  438 128
755  437 127
756  436 126
757  436 125
758  436 124
759  436 123
760  436 122
761  436 121
762  435 120
763  435 119
764  435 118
765  434 117
766  433 116
767  432 115
768  431 114
769  430 113
770  429 112
771  428 111
772  427 110
773  426 109
774  425 109
775  424 109
776  423 109
777  422 108
778  421 107
779  420 106
780  419 106
781  418 105
782  417 105
783  416 104
784  415 104
785  414 103
786  413 102
787  412 101
788  411 100
789  410 99
790  409 98
791  408 97
792  407 96
793  406 95
794  405 94
795  404 93
796  403 92
797  402 92
798  401 91
799  400 91
800  399 91
801  398 90
802  397 89
803  396 88
804  395 87
805  394 87
806  393 87
807  392 87
808  391 87
809  390 87
810  389 86
811  388 85
812  387 84
813  386 83
814  385 83
815  384 83
816  383 83
817  382 83
818  381 83
819  380 83
820  379 83
821  378 83
822  377 83
823  376 82
824  375 82
825  374 81
826  373 81
827  372 80
828  371 79
829  370 78
830  369 78
831  368 78
832  367 77
833  366 77
834  365 77
835  364 77
836  363 77
837  362 77
838  361 77
839  360 77
840  359 77
841  358 77
842  357 77
843  356 77
844  355 77
845  354 77
846  353 77
847  352 77
848  351 76
849  350 76
850  349 76
851  348 76
852  347 76
853  346 76
854  345 76
855  344 76
856  343 76
857  342 76
858  341 76
859  340 76
860  339 75
861  338 75
862  337 75
863  336 75
864  335 75
865  334 75
866  333 75
867  332 75
868  331 75
869  330 75
870  329 75
871  328 75
872  327 75
873  326 75
874  325 75
875  324 75
876  323 75
877  322 75
878  321 75
879  320 75
880  319 75
881  318 75
882  317 75
883  316 75
884  315 75
885  314 75
886  313 75
887  312 75
888  311 75
889  310 75
890  309 75
891  308 75
892  307 75
893  306 75
894  305 75
895  304 76
896  303 76
897  302 76
898  301 77
899  300 77
900  299 77
901  298 77
902  297 77
903  296 78
904  295 78
905  294 78
906  293 78
907  292 78
908  291 78
909  290 78
910  289 78
911  288 78
912  287 78
913  286 78
914  285 79
915  284 80
916  283 80
917  282 80
918  281 80
919  280 80
920  279 80
921  278 81
922  277 82
923  276 82
924  275 83
925  274 83
926  273 83
927  272 84
928  271 84
929  270 85
930  269 85
931  268 86
932  267 87
933  266 87
934  265 88
935  264 88
936  263 88
937  262 89
938  261 89
939  260 89
940  259 89
941  258 89
942  257 90
943  256 90
944  255 90
945  254 91
946  253 91
947  252 91
948  251 91
949  250 91
950  249 92
951  248 92
952  247 92
953  246 92
954  245 93
955  244 94
956  243 95
957  242 96
958  241 97
959  240 98
960  239 99
961  238 100
962  237 101
963  236 102
964  235 103
965  234 104
966  233 105
967  232 106
968  231 106
969  230 107
970  229 108
971  228 108
972  227 108
973  226 109
974  225 110
975  224 110
976  223 111
977  222 112
978  221 113
979  220 114
980  219 115
981  218 116
982  217 117
983  216 118
984  215 118
985  214 119
986  213 119
987  212 119
988  211 120
989  210 120
990  209 121
991  208 122
992  207 123
993  206 124
994  205 125
995  204 126
996  203 127
997  202 128
998  201 129
999  200 130
1000 199 131
1001 198 132
1002 197 133
1003 196 134
1004 195 135
1005 194 136
1006 193 137
1007 192 138
1008 191 138
1009 190 139
1010 189 139
1011 188 139
1012 187 140
1013 186 141
1014 185 142
1015 184 143
1016 183 144
1017 182 145
1018 181 146
1019 180 147
1020 179 148
1021 179 149
1022 179 150
1023 178 151
1024 178 152
1025 177 153
1026 176 154
1027 175 155
1028 174 156
1029 173 157
1030 172 158
1031 171 159
1032 170 160
1033 169 161
1034 168 162
1035 167 163
1036 166 164
1037 165 165
1038 164 166
1039 164 167
1040 163 168
1041 162 169
1042 162 170
1043 162 171
1044 162 172
1045 162 173
1046 162 174
1047 161 175
1048 161 176
1049 160 177
1050 160 178
1051 159 179
1052 158 180
1053 157 181
1054 156 182
1055 155 183
1056 154 184
1057 153 185
1058 152 186
1059 151 187
1060 150 188
1061 149 189
1062 148 190
1063 147 191
1064 146 192
1065 145 193
1066 144 194
1067 143 195
1068 143 196
1069 143 197
1070 143 198
1071 143 199
1072 142 200
1073 142 201
1074 141 202
1075 141 203
1076 140 204
1077 140 205
1078 140 206
1079 139 207
1080 138 208
1081 138 209
1082 137 210
1083 137 211
1084 136 212
1085 135 213
1086 134 214
1087 133 215
1088 133 216
1089 133 217
1090 133 218
1091 132 219
1092 132 220
1093 132 221
1094 132 222
1095 131 223
1096 131 224
1097 131 225
1098 131 226
1099 131 227
1100 131 228
1101 131 229
1102 130 230
1103 129 231
1104 129 232
1105 129 233
1106 129 234
1107 129 235
1108 129 236
1109 129 237
1110 129 238
1111 129 239
1112 129 240
1113 129 241
1114 129 242
1115 129 243
1116 129 244
1117 129 245
1118 129 246
1119 129 247
1120 129 248
1121 129 249
1122 129 250
1123 129 251
1124 129 252
1125 129 253
1126 128 254
1127 127 255
1128 126 256
1129 126 257
1130 126 258
1131 126 259
1132 126 260
1133 126 261
1134 126 262
1135 125 263
1136 125 264
1137 124 265
1138 123 266
1139 122 267
1140 121 268
1141 121 269
1142 121 270
1143 121 271
1144 121 272
1145 121 273
1146 121 274
1147 121 275
1148 120 276
1149 120 277
1150 119 278
1151 118 279
1152 118 280
1153 118 281
1154 118 282
1155 118 283
1156 118 284
1157 118 285
1158 118 286
1159 118 287
1160 118 288
1161 118 289
1162 118 290
1163 118 291
1164 118 292
1165 118 293
1166 118 294
1167 118 295
1168 118 296
1169 118 297
1170 118 298
1171 119 299
1172 119 300
1173 119 301
1174 119 302
1175 119 303
1176 119 304
1177 119 305
1178 119 306
1179 119 307
1180 119 308
1181 119 309
1182 119 310
1183 119 311
1184 119 312
1185 119 313
1186 119 314
1187 119 315
1188 119 316
1189 119 317
1190 119 318
1191 119 319
1192 119 320
1193 119 321
1194 119 322
1195 119 323
1196 119 324
1197 118 325
1198 117 326
1199 116 327
1200 115 328
1201 115 329
1202 115 330
1203 115 331
1204 115 332
1205 115 333
1206 115 334
1207 115 335
1208 115 336
1209 115 337
1210 115 338
1211 115 339
