name   x   y
1    144 291
2    144 292
3    144 293
4    144 294
5    144 295
6    144 296
7    144 297
8    144 298
9    144 299
10   144 300
11   144 301
12   144 302
13   144 303
14   144 304
15   144 305
16   144 306
17   144 307
18   144 308
19   144 309
20   144 310
21   144 311
22   144 312
23   144 313
24   144 314
25   144 315
26   144 316
27   144 317
28   144 318
29   144 319
30   144 320
31   144 321
32   144 322
33   144 323
34   144 324
35   144 325
36   144 326
37   144 327
38   144 328
39   144 329
40   144 330
41   144 331
42   144 332
43   144 333
44   144 334
45   144 335
46   144 336
47   144 337
48   144 338
49   144 339
50   144 340
51   145 341
52   145 342
53   145 343
54   145 344
55   145 345
56   145 346
57   145 347
58   145 348
59   146 349
60   146 350
61   147 351
62   148 352
63   148 353
64   148 354
65   148 355
66   148 356
67   148 357
68   148 358
69   148 359
70   148 360
71   148 361
72   148 362
73   148 363
74   148 364
75   148 365
76   148 366
77   148 367
78   148 368
79   148 369
80   148 370
81   148 371
82   148 372
83   149 373
84   149 374
85   149 375
86   149 376
87   149 377
88   149 378
89   149 379
90   149 380
91   150 381
92   150 382
93   150 383
94   150 384
95   150 385
96   150 386
97   151 387
98   151 388
99   151 389
100  151 390
101  152 391
102  152 392
103  152 393
104  152 394
105  152 395
106  152 396
107  153 397
108  153 398
109  153 399
110  153 400
111  153 401
112  154 402
113  154 403
114  154 404
115  155 405
116  155 406
117  155 407
118  155 408
119  156 409
120  156 410
121  156 411
122  157 412
123  157 413
124  157 414
125  157 415
126  157 416
127  158 417
128  158 418
129  158 419
130  159 420
131  159 421
132  159 422
133  160 423
134  160 424
135  161 425
136  161 426
137  161 427
138  161 428
139  162 429
140  162 430
141  163 431
142  163 432
143  164 433
144  165 434
145  165 435
146  165 436
147  165 437
148  165 438
149  165 439
150  165 440
151  165 441
152  166 442
153  166 443
154  166 444
155  167 445
156  167 446
157  168 447
158  168 448
159  169 449
160  169 450
161  169 451
162  170 452
163  171 453
164  172 454
165  173 455
166  173 456
167  174 457
168  174 458
169  174 459
170  174 460
171  174 461
172  175 462
173  176 463
174  177 464
175  177 465
176  178 466
177  179 467
178  180 468
179  181 469
180  182 470
181  183 471
182  183 472
183  184 473
184  185 474
185  185 475
186  186 476
187  187 477
188  188 478
189  189 479
190  190 480
191  191 481
192  192 482
193  193 483
194  194 484
195  195 485
196  196 486
197  197 486
198  198 486
199  199 486
200  200 486
201  201 486
202  202 486
203  203 486
204  204 486
205  205 486
206  206 486
207  207 486
208  208 486
209  209 486
210  210 486
211  211 485
212  212 485
213  213 484
214  214 484
215  215 484
216  216 483
217  217 482
218  218 482
219  219 482
220  220 481
221  221 480
222  222 479
223  223 478
224  224 477
225  225 476
226  226 476
227  227 475
228  228 475
229  229 475
230  230 474
231  231 474
232  232 473
233  233 473
234  234 472
235  235 472
236  236 472
237  237 471
238  238 470
239  239 470
240  240 469
241  241 469
242  242 469
243  243 469
244  244 468
245  245 468
246  246 468
247  247 468
248  248 467
249  249 467
250  250 467
251  251 467
252  252 467
253  253 466
254  254 466
255  255 465
256  256 465
257  257 464
258  258 464
259  259 464
260  260 464
261  261 464
262  262 464
263  263 463
264  264 463
265  265 463
266  266 463
267  267 463
268  268 462
269  269 462
270  270 462
271  271 462
272  272 462
273  273 462
274  274 462
275  275 462
276  276 462
277  277 462
278  278 462
279  279 462
280  280 462
281  281 462
282  282 462
283  283 462
284  284 462
285  285 462
286  286 462
287  287 462
288  288 462
289  289 462
290  290 462
291  291 462
292  292 462
293  293 461
294  294 461
295  295 461
296  296 461
297  297 461
298  298 460
299  299 460
300  300 460
301  301 460
302  302 460
303  303 460
304  304 460
305  305 460
306  306 460
307  307 460
308  308 460
309  309 460
310  310 460
311  311 460
312  312 460
313  313 460
314  314 460
315  315 460
316  316 460
317  317 460
318  318 460
319  319 460
320  320 460
321  321 460
322  322 460
323  323 460
324  324 460
325  325 460
326  326 460
327  327 460
328  328 460
329  329 460
330  330 460
331  331 460
332  332 460
333  333 460
334  334 460
335  335 460
336  336 460
337  337 460
338  338 460
339  339 460
340  340 460
341  341 460
342  342 460
343  343 460
344  344 460
345  345 460
346  346 460
347  347 460
348  348 460
349  349 460
350  350 460
351  351 460
352  352 460
353  353 460
354  354 460
355  355 460
356  356 460
357  357 460
358  358 460
359  359 460
360  360 461
361  361 461
362  362 461
363  363 461
364  364 461
365  365 461
366  366 461
367  367 461
368  368 461
369  369 461
370  370 461
371  371 461
372  372 461
373  373 461
374  374 461
375  375 461
376  376 461
377  377 461
378  378 461
379  379 461
380  380 462
381  381 462
382  382 462
383  383 462
384  384 462
385  385 463
386  386 463
387  387 463
388  388 463
389  389 463
390  390 464
391  391 464
392  392 464
393  393 464
394  394 465
395  395 465
396  396 465
397  397 466
398  398 466
399  399 467
400  400 467
401  401 467
402  402 468
403  403 468
404  404 468
405  405 469
406  406 469
407  407 470
408  408 470
409  409 470
410  410 470
411  411 470
412  412 471
413  413 471
414  414 471
415  415 472
416  416 472
417  417 472
418  418 473
419  419 473
420  420 474
421  421 474
422  422 474
423  423 475
424  424 475
425  425 476
426  426 476
427  427 476
428  428 476
429  429 476
430  430 476
431  431 476
432  432 476
433  433 476
434  434 476
435  435 476
436  436 476
437  437 476
438  438 475
439  439 474
440  440 473
441  441 472
442  442 471
443  443 470
444  444 469
445  445 468
446  445 467
447  445 466
448  445 465
449  445 464
450  445 463
451  445 462
452  445 461
453  445 460
454  445 459
455  445 458
456  445 457
457  445 456
458  445 455
459  446 454
460  447 453
461  447 452
462  447 451
463  448 450
464  448 449
465  449 448
466  449 447
467  449 446
468  449 445
469  449 444
470  449 443
471  450 442
472  450 441
473  450 440
474  450 439
475  450 438
476  451 437
477  451 436
478  451 435
479  451 434
480  451 433
481  451 432
482  451 431
483  451 430
484  451 429
485  451 428
486  451 427
487  451 426
488  451 425
489  451 424
490  451 423
491  451 422
492  451 421
493  451 420
494  451 419
495  451 418
496  451 417
497  451 416
498  451 415
499  451 414
500  451 413
501  452 412
502  453 411
503  453 410
504  453 409
505  453 408
506  453 407
507  453 406
508  453 405
509  453 404
510  453 403
511  453 402
512  453 401
513  453 400
514  453 399
515  453 398
516  453 397
517  454 396
518  454 395
519  454 394
520  454 393
521  454 392
522  454 391
523  454 390
524  454 389
525  454 388
526  454 387
527  454 386
528  454 385
529  454 384
530  453 383
531  453 382
532  453 381
533  453 380
534  453 379
535  453 378
536  453 377
537  453 376
538  453 375
539  453 374
540  453 373
541  453 372
542  452 371
543  452 370
544  452 369
545  452 368
546  452 367
547  452 366
548  452 365
549  452 364
550  452 363
551  452 362
552  452 361
553  452 360
554  452 359
555  453 358
556  454 357
557  455 356
558  455 355
559  455 354
560  456 353
561  456 352
562  456 351
563  456 350
564  456 349
565  456 348
566  456 347
567  456 346
568  456 345
569  456 344
570  456 343
571  456 342
572  456 341
573  456 340
574  456 339
575  456 338
576  456 337
577  456 336
578  456 335
579  456 334
580  456 333
581  456 332
582  457 331
583  458 330
584  458 329
585  458 328
586  458 327
587  458 326
588  458 325
589  458 324
590  458 323
591  458 322
592  458 321
593  458 320
594  458 319
595  458 318
596  457 317
597  456 316
598  456 315
599  455 314
600  455 313
601  454 312
602  454 311
603  453 310
604  453 309
605  452 308
606  452 307
607  452 306
608  452 305
609  452 304
610  452 303
611  452 302
612  452 301
613  452 300
614  452 299
615  452 298
616  452 297
617  452 296
618  452 295
619  452 294
620  452 293
621  452 292
622  452 291
623  452 290
624  452 289
625  452 288
626  452 287
627  452 286
628  452 285
629  451 284
630  451 283
631  451 282
632  450 281
633  449 280
634  449 279
635  449 278
636  449 277
637  449 276
638  448 275
639  448 274
640  448 273
641  448 272
642  448 271
643  448 270
644  447 269
645  447 268
646  447 267
647  447 266
648  447 265
649  446 264
650  446 263
651  446 262
652  445 261
653  444 260
654  444 259
655  443 258
656  442 257
657  441 256
658  441 255
659  441 254
660  441 253
661  441 252
662  441 251
663  441 250
664  441 249
665  441 248
666  441 247
667  441 246
668  441 245
669  441 244
670  442 243
671  443 242
672  444 241
673  445 240
674  446 239
675  446 238
676  446 237
677  446 236
678  446 235
679  446 234
680  446 233
681  446 232
682  446 231
683  446 230
684  446 229
685  447 228
686  447 227
687  447 226
688  447 225
689  447 224
690  447 223
691  447 222
692  447 221
693  447 220
694  447 219
695  447 218
696  447 217
697  447 216
698  447 215
699  446 214
700  446 213
701  446 212
702  445 211
703  444 210
704  444 209
705  444 208
706  443 207
707  442 206
708  442 205
709  441 204
710  440 203
711  439 202
712  438 201
713  437 200
714  437 199
715  436 198
716  436 197
717  435 196
718  434 195
719  434 194
720  433 193
721  432 192
722  431 191
723  430 190
724  429 189
725  428 188
726  428 187
727  428 186
728  427 185
729  427 184
730  426 183
731  425 182
732  424 181
733  423 180
734  422 179
735  421 178
736  420 177
737  420 176
738  419 175
739  418 174
740  417 173
741  416 172
742  415 171
743  414 170
744  413 169
745  412 168
746  411 167
747  410 166
748  409 165
749  408 164
750  407 163
751  406 162
752  405 161
753  404 160
754  404 159
755  403 158
756  402 157
757  401 156
758  400 155
759  399 154
760  398 153
761  397 152
762  396 151
763  395 151
764  394 150
765  393 149
766  392 148
767  391 147
768  390 146
769  389 146
770  388 145
771  387 144
772  386 143
773  385 143
774  384 142
775  383 141
776  382 140
777  381 140
778  380 139
779  379 138
780  378 138
781  377 137
782  376 136
783  375 136
784  374 135
785  373 135
786  372 134
787  371 133
788  370 132
789  369 132
790  368 131
791  367 131
792  366 130
793  365 130
794  364 129
795  363 129
796  362 128
797  361 128
798  360 127
799  359 127
800  358 127
801  357 126
802  356 126
803  355 125
804  354 125
805  353 125
806  352 124
807  351 123
808  350 123
809  349 122
810  348 122
811  347 122
812  346 122
813  345 122
814  344 121
815  343 121
816  342 121
817  341 121
818  340 120
819  339 119
820  338 119
821  337 119
822  336 119
823  335 118
824  334 118
825  333 118
826  332 118
827  331 118
828  330 118
829  329 118
830  328 118
831  327 118
832  326 118
833  325 118
834  324 118
835  323 118
836  322 118
837  321 118
838  320 117
839  319 117
840  318 117
841  317 117
842  316 117
843  315 117
844  314 117
845  313 117
846  312 117
847  311 116
848  310 116
849  309 116
850  308 116
851  307 116
852  306 116
853  305 116
854  304 116
855  303 116
856  302 116
857  301 116
858  300 116
859  299 116
860  298 116
861  297 116
862  296 116
863  295 116
864  294 116
865  293 116
866  292 116
867  291 116
868  290 116
869  289 116
870  288 116
871  287 116
872  286 117
873  285 117
874  284 117
875  283 117
876  282 118
877  281 118
878  280 118
879  279 118
880  278 118
881  277 118
882  276 118
883  275 118
884  274 118
885  273 119
886  272 119
887  271 119
888  270 119
889  269 119
890  268 120
891  267 120
892  266 120
893  265 120
894  264 121
895  263 121
896  262 121
897  261 121
898  260 122
899  259 122
900  258 122
901  257 122
902  256 123
903  255 123
904  254 123
905  253 123
906  252 123
907  251 124
908  250 125
909  249 125
910  248 126
911  247 126
912  246 126
913  245 126
914  244 127
915  243 127
916  242 128
917  241 128
918  240 129
919  239 129
920  238 130
921  237 130
922  236 131
923  235 131
924  234 132
925  233 133
926  232 133
927  231 134
928  230 134
929  229 135
930  228 136
931  227 136
932  226 137
933  225 138
934  224 138
935  223 139
936  222 140
937  221 140
938  220 141
939  219 141
940  218 141
941  217 142
942  216 143
943  215 144
944  214 145
945  213 146
946  212 147
947  211 148
948  210 149
949  209 150
950  208 151
951  207 152
952  206 153
953  205 154
954  204 155
955  203 155
956  202 156
957  201 156
958  200 157
959  199 158
960  198 159
961  197 160
962  196 161
963  195 162
964  194 163
965  193 164
966  192 165
967  191 166
968  191 167
969  190 168
970  189 169
971  188 170
972  187 171
973  186 172
974  185 173
975  185 174
976  184 175
977  183 176
978  182 177
979  181 178
980  181 179
981  181 180
982  180 181
983  180 182
984  179 183
985  178 184
986  177 185
987  177 186
988  176 187
989  176 188
990  175 189
991  175 190
992  175 191
993  174 192
994  173 193
995  173 194
996  172 195
997  172 196
998  171 197
999  171 198
1000 170 199
1001 170 200
1002 169 201
1003 169 202
1004 168 203
1005 168 204
1006 167 205
1007 167 206
1008 166 207
1009 166 208
1010 165 209
1011 165 210
1012 164 211
1013 164 212
1014 163 213
1015 163 214
1016 163 215
1017 162 216
1018 162 217
1019 162 218
1020 162 219
1021 161 220
1022 161 221
1023 160 222
1024 160 223
1025 160 224
1026 160 225
1027 159 226
1028 159 227
1029 159 228
1030 158 229
1031 157 230
1032 157 231
1033 157 232
1034 157 233
1035 157 234
1036 157 235
1037 156 236
1038 156 237
1039 155 238
1040 155 239
1041 155 240
1042 155 241
1043 155 242
1044 155 243
1045 154 244
1046 153 245
1047 153 246
1048 153 247
1049 152 248
1050 152 249
1051 152 250
1052 152 251
1053 152 252
1054 151 253
1055 151 254
1056 151 255
1057 150 256
1058 150 257
1059 150 258
1060 150 259
1061 150 260
1062 150 261
1063 150 262
1064 150 263
1065 150 264
1066 150 265
1067 149 266
1068 149 267
1069 148 268
1070 148 269
1071 148 270
1072 148 271
1073 148 272
1074 147 273
1075 147 274
1076 147 275
1077 146 276
1078 146 277
1079 146 278
1080 146 279
1081 146 280
1082 146 281
1083 146 282
1084 146 283
1085 146 284
1086 145 285
1087 145 286
1088 145 287
1089 145 288
1090 145 289
1091 145 290
